acc	dc0_val	dc1_val	loss
50.0	0.3449126061240577	0.36734773520688124	0.6921748518943787
50.0	0.269462680911904	0.266202230372162	0.6916393041610718
50.0	0.22803720567224908	0.2169430306451062	0.690900444984436
50.0	0.20445645707458066	0.19180594689946073	0.6900306940078735
50.0	0.1898935440265227	0.17756020978072884	0.6889862418174744
51.0	0.18090337876469523	0.16863554805169673	0.6878747940063477
70.0	0.17516240156071278	0.16335125908736542	0.6866921782493591
87.0	0.17171328789039647	0.15995488697189228	0.6854521036148071
91.0	0.1696822989223114	0.15686455439976896	0.6840282082557678
92.0	0.16822469619521266	0.15429414448737538	0.6825656890869141
92.0	0.167049916471074	0.1524870907676513	0.6810059547424316
91.0	0.1660375240863414	0.15130692564584367	0.6793575882911682
89.0	0.16511160605060385	0.15039835982835686	0.677615225315094
87.0	0.1642676105552995	0.14957177076770653	0.6757705211639404
87.0	0.16353923342036408	0.1488139220229264	0.673818826675415
86.0	0.16292790295764056	0.14815637106992743	0.6717512607574463
87.0	0.16239610730793996	0.14758142301083937	0.6695634126663208
88.0	0.16194320319409855	0.14710177836503374	0.6672400236129761
90.0	0.16155071540738467	0.14669339508732343	0.6647917628288269
91.0	0.16120135703880187	0.1463299472673434	0.6622246503829956
91.0	0.16089682422980955	0.14599938169421772	0.659518301486969
90.0	0.16062430071665737	0.14570547686234783	0.6566894054412842
88.0	0.16038738944479927	0.14544350939352485	0.6537496447563171
86.0	0.16017565763505862	0.14522272573958303	0.6506931781768799
85.0	0.16000106037163525	0.14504262992280365	0.647484540939331
85.0	0.15985874371598705	0.14489844928060747	0.6441113352775574
86.0	0.15973737886427197	0.1448031821443041	0.6405971050262451
87.0	0.1596390084545948	0.14470968123551817	0.6369515657424927
86.0	0.1595609120082589	0.1446369912070335	0.6331372261047363
86.0	0.15950176223473758	0.1445799703047272	0.6291374564170837
86.0	0.15944537888430227	0.14454116990913218	0.6249735951423645
87.0	0.15942106825726549	0.14452097489233293	0.6206433176994324
88.0	0.15940372372189568	0.14452000129054815	0.6161618828773499
88.0	0.1593983018063851	0.14452668354212841	0.6115151643753052
88.0	0.1594164820223042	0.14453848211923714	0.6067151427268982
88.0	0.15943163991291062	0.14456590619014514	0.6017309427261353
89.0	0.15946237145259912	0.1446032203700073	0.5965482592582703
90.0	0.15950583608926977	0.1446393391923847	0.5911856293678284
90.0	0.15955269551405288	0.144689968103747	0.5856389999389648
90.0	0.15961333497070007	0.14474427437564347	0.5799331068992615
90.0	0.15967646257436935	0.14481633795411794	0.5740510821342468
90.0	0.1597538755234778	0.1449003282531447	0.5679833292961121
91.0	0.1598374577493515	0.14498515054965366	0.561724841594696
91.0	0.1599257636189428	0.14507889937122842	0.5552942156791687
91.0	0.16003073626732509	0.14518525109651784	0.5486984848976135
91.0	0.1601304928341551	0.1452938238093312	0.5419312715530396
91.0	0.1602437060521653	0.1454094487949797	0.5350190997123718
92.0	0.160365271686651	0.1455319409646975	0.5279488563537598
92.0	0.16048975512483157	0.1456544969656022	0.5207337141036987
92.0	0.16061341328242465	0.1457979437157603	0.5133835673332214
93.0	0.16075122593711866	0.145942479156828	0.5058980584144592
93.0	0.1608918937842575	0.146097076651447	0.4982917010784149
93.0	0.16104372243559642	0.14625157647834863	0.4905799925327301
92.0	0.16119810191077638	0.14641998578691934	0.48277223110198975
93.0	0.16136833077229196	0.1465923647362994	0.4748685657978058
93.0	0.16153964528419096	0.14676860906757386	0.4668963849544525
93.0	0.1617155516362081	0.14695670140239872	0.45885974168777466
93.0	0.16190834638181298	0.14715886672141837	0.4507789611816406
93.0	0.1621067750707217	0.14736484808111253	0.4426479637622833
93.0	0.1623150898573793	0.14758834664572454	0.43450215458869934
93.0	0.16253225270208	0.14781692790861473	0.4263538718223572
93.0	0.16276324878463141	0.1480604405087624	0.41819801926612854
93.0	0.16300099423184894	0.14831234679477237	0.4100731909275055
93.0	0.16325122076785464	0.14857930567034378	0.40198519825935364
93.0	0.16351585829429457	0.1488646810338654	0.39393800497055054
93.0	0.16380130191645303	0.14915363666889014	0.38595646619796753
93.0	0.16409208673346684	0.14946269845269677	0.3780509829521179
93.0	0.1643992321026916	0.14978542004968054	0.3702337443828583
93.0	0.1647191374154059	0.1501171282023596	0.3625246584415436
93.0	0.16505604733930362	0.15047398444416504	0.3549157977104187
93.0	0.16541535413672392	0.15085054156466157	0.3474367558956146
93.0	0.165787966945816	0.15123541012565397	0.34009531140327454
93.0	0.16617943664505405	0.15163867137356915	0.33289435505867004
93.0	0.16658711336389664	0.15206505107333196	0.3258421719074249
93.0	0.1670152741262116	0.15251176584138765	0.3189619183540344
93.0	0.1674642389381382	0.1529780491384601	0.3122202157974243
93.0	0.16793733420679738	0.15345847911164842	0.30567073822021484
93.0	0.16842246368228708	0.15396129276480597	0.29928627610206604
93.0	0.16893511983989504	0.1544840666901991	0.2930709421634674
93.0	0.1694616907974631	0.15502462169536926	0.28707826137542725
93.0	0.1700133266217143	0.1555941063424322	0.28120800852775574
93.0	0.17058805760746903	0.15617149026869076	0.2755732238292694
93.0	0.17117966378081204	0.15678342191457148	0.27009984850883484
93.0	0.17179130773695325	0.15741073450537826	0.2648099958896637
93.0	0.17242412596174483	0.15806171338813227	0.25970393419265747
93.0	0.17307851762927845	0.15873219425136895	0.2547765374183655
93.0	0.17375787208794038	0.1594210908941334	0.25001752376556396
93.0	0.1744664598397846	0.1601439338435512	0.24543559551239014
93.0	0.1751831466989766	0.16087419894763172	0.24102403223514557
93.0	0.17591569385376096	0.16163368229600333	0.23676440119743347
93.0	0.17667257049081747	0.1624072706429711	0.23269161581993103
93.0	0.1774453833572297	0.16320288160895297	0.2287324070930481
93.0	0.17824033793396368	0.16401863537680486	0.22500288486480713
93.0	0.17905984531043806	0.16485730472008897	0.22128836810588837
93.0	0.1798867563817808	0.16571213083257288	0.21790406107902527
93.0	0.18073934286860452	0.16659145955098398	0.2144312858581543
93.0	0.18160852512196224	0.16747782583660561	0.21134689450263977
93.0	0.18249564945274063	0.16839218150174215	0.20810647308826447
93.0	0.1833932503458805	0.16931453467513935	0.20533804595470428
93.0	0.18432815235355324	0.1702752437456011	0.20226933062076569
