acc	dc0_val	dc1_val	loss
50.1	0.02371304654970453	0.02711291402327254	6.939748764038086
49.9	0.007628671930453367	0.00984390811305951	6.916496574878693
50.0	0.0033040997687243923	0.005123048764631484	6.876923203468323
53.8	0.0018182792584390322	0.0027772087486909167	6.792008757591248
64.8	0.0011453833632233685	0.0015426098728351532	6.665262699127197
67.4	0.0010568881857380868	0.0009761230930504097	6.455367982387543
68.3	0.0018918280378220353	0.000988840184126564	6.208379447460175
68.0	0.004030791540934525	0.0019147539304443701	5.964105129241943
68.4	0.009210585017603731	0.004938347423070709	5.811884045600891
68.8	0.019653009726598513	0.01224392116708797	5.808995306491852
66.5	0.036014866068704104	0.025014602544411263	6.006505727767944
66.3	0.05525409987959173	0.04134554720509226	6.087086081504822
63.1	0.07831941660463358	0.06224324008560647	6.300209283828735
62.3	0.10497746727311777	0.08787515893590794	6.354228258132935
61.6	0.13399077384467895	0.11673993966626083	6.344059646129608
59.3	0.1661148839239099	0.14944151790094398	6.526739597320557
60.9	0.1985880464314753	0.18347641617287014	6.259014904499054
62.0	0.23098000020781242	0.21815516185603143	6.1843788623809814
59.0	0.26244430150008635	0.25092835173446454	6.425053536891937
58.5	0.2937820188528906	0.28423390903604884	6.51400500535965
57.6	0.3206249180075578	0.31293977926113037	6.694590210914612
57.7	0.3332331562793669	0.3264794127500075	6.717552602291107
57.3	0.3448657229853833	0.33879111546374413	6.780940592288971
58.8	0.3543185037368863	0.34936879374295815	6.587282121181488
57.1	0.36357639187489366	0.358831545344226	6.937123894691467
57.4	0.3725464069646325	0.368648402471575	6.848862528800964
58.4	0.3814553926413459	0.3785252752966954	6.693381905555725
57.0	0.3891365613083724	0.3862195851296319	7.1138153076171875
58.2	0.39637028535688196	0.39457983609622144	6.722555160522461
57.4	0.40201558199361015	0.40022966837734436	7.019166946411133
58.3	0.4067611776637785	0.4056451726214105	6.790067076683044
57.9	0.4124495164726752	0.41157788202830786	6.946378111839294
57.8	0.4141667003381611	0.4133449010117226	7.036882281303406
57.7	0.41629990980723586	0.41570169086509984	6.991976857185364
57.8	0.41836892073602355	0.41794098957509207	7.015352487564087
57.9	0.4202034591673293	0.4199490312112404	7.018009006977081
57.6	0.4222623631078504	0.42206715169043135	7.123541235923767
58.2	0.4246514183824429	0.42481665489401393	6.970331966876984
57.5	0.42615589662863596	0.4261996850931669	7.194441795349121
58.0	0.4277990637843578	0.428214411993257	7.00375372171402
57.9	0.4292057816010055	0.42967093304081516	7.079859375953674
57.7	0.4308543273626396	0.43135609419869864	7.17790013551712
58.2	0.43205656948593923	0.43280629261114056	7.066507279872894
58.6	0.43266293218810803	0.4335248858121671	7.026189863681793
57.7	0.4335662569186355	0.43432537222565587	7.203290700912476
57.8	0.43417147160363445	0.4350808291648389	7.129097998142242
58.0	0.43433554517588835	0.4352801782374661	7.138687252998352
58.2	0.4350842197816453	0.4361593698173747	7.092498779296875
57.8	0.43581246678427515	0.43687018123403165	7.168323218822479
58.0	0.4360702476127058	0.4371409011061538	7.182051718235016
58.0	0.4366784457767582	0.4378426718672353	7.156579613685608
58.3	0.4372613578891691	0.4384961913545202	7.138140439987183
58.3	0.4376463274118244	0.4389053331487665	7.151783347129822
58.1	0.4383075530799231	0.4395878478785956	7.185246109962463
58.1	0.4385025129686884	0.4398322290319072	7.162056088447571
58.4	0.4389553926926829	0.44036341194250217	7.124394774436951
58.3	0.4390692156024063	0.44045349646645265	7.166002035140991
58.0	0.43937909595056607	0.4407582199567799	7.19773131608963
58.2	0.43972046389557773	0.4411513675105762	7.174827694892883
58.1	0.4398354520574264	0.44127546520618854	7.182081401348114
58.3	0.4401057602219873	0.44160765543526487	7.145560562610626
58.1	0.4403755332214987	0.4418837265595209	7.161418199539185
58.1	0.4404251749909399	0.4419118499214224	7.195565640926361
58.3	0.4404829141627978	0.4420025126586392	7.179565250873566
57.8	0.4406557263964269	0.44216677282989175	7.214222431182861
58.1	0.4408808617514525	0.44245149703069275	7.170124530792236
58.2	0.4409610312364991	0.44253540748877984	7.174351274967194
58.2	0.4410521077825703	0.44263521504296943	7.179205000400543
58.2	0.44111901351331717	0.44272138563076746	7.167965471744537
58.3	0.4412458408546252	0.44286483611033156	7.161231696605682
58.2	0.44129533849279556	0.4428922323294069	7.199216365814209
58.3	0.4414273134986238	0.44303672948505735	7.198332726955414
58.2	0.4415295512676064	0.4431580435690418	7.191778838634491
58.4	0.4415416303434002	0.44318484091951815	7.182970225811005
58.2	0.4416966441695301	0.44335813803479923	7.17732834815979
58.3	0.441823951068575	0.4435151850126858	7.163279414176941
58.1	0.4418538294549028	0.4435270667554223	7.182469844818115
58.4	0.44188396185302226	0.443555917107738	7.189858436584473
58.4	0.4419474330898317	0.44362894630224986	7.184222102165222
58.2	0.4419611269729497	0.4436415567978619	7.191367447376251
58.3	0.44204883682608737	0.4437384698665059	7.18832665681839
58.3	0.44208406936739186	0.443773844754914	7.197394013404846
58.2	0.4421561799209593	0.44385404224226216	7.198609411716461
57.9	0.4421863913514212	0.4438794333685046	7.2077178955078125
58.4	0.44222872605308194	0.4439510142816898	7.181554973125458
58.5	0.44229248490144896	0.4440142696963805	7.189298510551453
58.1	0.4423263070320032	0.4440512414629764	7.191974103450775
58.3	0.4423606370652999	0.4440883689883082	7.1934292912483215
58.3	0.44238900759910504	0.44412180848275146	7.192181944847107
58.6	0.4424020027976625	0.4441361106285884	7.1930606961250305
58.4	0.4424362745910741	0.4441739678914695	7.192078351974487
58.4	0.44244714184202844	0.4441884223351902	7.192684292793274
58.2	0.4424883970944546	0.44422736326203277	7.200942397117615
58.3	0.442520762841467	0.44426574763496407	7.197511732578278
58.4	0.4425471215584888	0.4442968523254351	7.194369077682495
58.4	0.4425474763766896	0.4443005271267011	7.193754136562347
58.2	0.44259439262338707	0.44434836265703653	7.197423100471497
58.4	0.44263310685986595	0.44439734469802683	7.191965579986572
58.3	0.4426434079090598	0.4444093447163325	7.192961752414703
58.2	0.44267023427556257	0.44443396402924984	7.19888162612915
