acc	dc0_val	dc1_val	loss
50.0	0.17956743709010592	0.19547381721841317	1.3865236639976501
50.0	0.09396381690065399	0.1075347543899484	1.3859032988548279
50.0	0.06551324794661441	0.0793113363748878	1.3852283358573914
50.0	0.04867737032200919	0.06056750041274347	1.3843856453895569
50.0	0.03843196374764109	0.048679285822467694	1.383687973022461
51.5	0.03154609949403147	0.04012234037954523	1.382781445980072
54.0	0.02638888294977941	0.034046047634624856	1.381256878376007
57.0	0.023054550234813603	0.030480167625734498	1.3798648118972778
59.0	0.020849837907040602	0.02809469506392301	1.3784312009811401
60.0	0.01892404987076666	0.025840240901131108	1.3768936395645142
61.5	0.017230933963761127	0.023854787562847306	1.3752076625823975
62.5	0.016192890988774026	0.022750789216359486	1.373240351676941
63.5	0.015213710252947469	0.021688292560088775	1.3705620169639587
63.0	0.0146989850333519	0.02125561606445729	1.3677936792373657
63.5	0.01508632454525355	0.02189250501522789	1.3628559112548828
64.5	0.015944547362093955	0.022967030488289613	1.3579493761062622
64.5	0.01642522861538485	0.02369248578902888	1.3543232083320618
65.5	0.016728944624095625	0.024294328964942952	1.3500981330871582
65.0	0.017428708319025463	0.025206706982698952	1.3451001048088074
65.5	0.018086926946533046	0.02597983774987176	1.3399882912635803
66.0	0.018471588697359723	0.026412592939180454	1.3342475295066833
66.0	0.019083609530780043	0.02705246825945088	1.3280978202819824
65.5	0.019743571036000808	0.02777074184789994	1.3216207027435303
66.0	0.02025002273605342	0.028414404388852985	1.3146752715110779
65.5	0.0206428325291532	0.029014067639964964	1.3072965741157532
65.5	0.021118607184453998	0.029675835450048708	1.2995201349258423
65.5	0.02175190566058007	0.030457166687689018	1.291280448436737
66.0	0.02233602369659458	0.03119709560181998	1.2826834917068481
65.5	0.022965299756283416	0.03195351104448347	1.27386873960495
65.5	0.023588050690871852	0.03271248192891347	1.2648420333862305
65.5	0.024231690985742363	0.03348504045378264	1.2556567192077637
65.5	0.02483765373896248	0.034234665046544356	1.246527910232544
65.0	0.025513557501200847	0.034990040705985506	1.2375841736793518
65.5	0.02609145346974885	0.035649215130614365	1.2290079593658447
65.5	0.026656648832208196	0.03626186141358893	1.2208834886550903
65.5	0.027202764555980124	0.03679653414663563	1.2134479880332947
65.5	0.027646491887643156	0.03724865246950839	1.2067944407463074
65.5	0.02803690584193684	0.03755640374099981	1.2012291550636292
65.5	0.028348808998648597	0.03775121557642801	1.19671231508255
65.5	0.02860887794684374	0.037778633237899116	1.1937671899795532
66.0	0.028652107673540317	0.03763528684181303	1.191464602947235
66.0	0.028612214830365214	0.037428259876702195	1.1896909475326538
66.0	0.028605210449091395	0.03703024796386787	1.1901271343231201
66.5	0.028635216174617947	0.036524970391973235	1.1925255060195923
66.5	0.02877268294941346	0.035944759567600064	1.1970670819282532
67.0	0.029070288678457432	0.03557753582801093	1.2018428444862366
66.5	0.029574905555906937	0.03544001011165447	1.2074553966522217
66.5	0.03040123981661354	0.035021221733352606	1.2144203186035156
66.5	0.03153467453433701	0.03469522426842126	1.2218937277793884
66.5	0.033112194785673364	0.03465008006304607	1.2312060594558716
65.5	0.03527342685907064	0.03509194266816686	1.2415847778320312
65.5	0.03808158363142963	0.03610778022928444	1.244182288646698
65.5	0.04142122560364785	0.03788130012975201	1.247531533241272
65.0	0.043261082888325066	0.03903470172428978	1.2511446475982666
65.0	0.0452097510357328	0.040304292201049904	1.253291130065918
65.0	0.04722697451489846	0.0416491928256018	1.2523430585861206
65.0	0.04932864380332936	0.04312931851601884	1.252299189567566
65.0	0.05155273219599269	0.04477856523833198	1.2552034854888916
64.5	0.053870645687948956	0.04655344243035864	1.2602024674415588
64.5	0.05623420578121608	0.048407909929109906	1.2624660730361938
64.0	0.05865226751221877	0.0503514521860976	1.264392614364624
64.0	0.06114617248040463	0.05239351963238608	1.2677544951438904
63.5	0.06368559526698665	0.054528671373153016	1.2696096897125244
63.0	0.06632241465692985	0.05675414225244129	1.2741787433624268
62.5	0.06766656342016655	0.05790286924405074	1.276537835597992
62.5	0.06902556789982733	0.05907421119553197	1.2785071730613708
63.0	0.07040314482714065	0.060270190001227575	1.2800944447517395
62.5	0.07180534701403644	0.061496035056724144	1.2815682888031006
62.5	0.0732118220783137	0.0627285102271062	1.2830345034599304
62.0	0.07461880662457687	0.06398658114466949	1.283033847808838
62.0	0.07605322163725016	0.06525038686760785	1.2843711972236633
62.0	0.07749920609786719	0.06651309219713035	1.2862651944160461
62.0	0.07894941128906907	0.06779662635404833	1.2874270677566528
62.0	0.0804017484720401	0.06909950156327212	1.2878262400627136
62.0	0.08187349981763135	0.07040740214776095	1.2893443703651428
62.0	0.08260464268573865	0.0710683431620225	1.2896502017974854
62.0	0.08334267047338283	0.0717334808451664	1.2900699377059937
62.0	0.08408787881112928	0.07239843617512262	1.2910730838775635
62.0	0.08482660185993074	0.07306754724993463	1.2916260361671448
62.0	0.08557040433158294	0.07374216520677135	1.2922496795654297
62.0	0.08632051191407364	0.07442309840573189	1.2928840517997742
62.0	0.08706727133244052	0.07510732815160746	1.293383538722992
62.0	0.08781147423148022	0.07578982052463179	1.2936835289001465
61.5	0.08856340934271634	0.07647029089343556	1.294765293598175
61.5	0.08932124157545308	0.07714977829958632	1.2961527705192566
62.0	0.09007477644027577	0.07783160146095368	1.2972684502601624
62.0	0.09045173484504919	0.07817908209251832	1.2975741028785706
62.0	0.09082892262386279	0.07852376478331528	1.2980267405509949
62.0	0.0912054270838923	0.07887312089746239	1.298072099685669
61.5	0.09158224625566047	0.07922460663447861	1.2980800867080688
61.5	0.09195875781967566	0.07957978043712184	1.2980544567108154
62.0	0.09233530516948205	0.0799332810103825	1.298106074333191
61.5	0.09271437483104746	0.08028062299186892	1.2985626459121704
61.5	0.09309223634580659	0.08062806812714503	1.298931062221527
61.5	0.09346987591070403	0.08097741543445029	1.2992351055145264
61.5	0.09385057587028159	0.08132908881216294	1.2995216250419617
61.5	0.0942314167700657	0.0816772044232608	1.300063669681549
61.5	0.09442164861812748	0.08185237015171207	1.3003007769584656
61.5	0.09461217246769503	0.08202850771444856	1.3004722595214844
61.5	0.09480178781553902	0.08220234135272901	1.300703525543213
