acc	dc0_val	dc1_val	loss
53.2	0.2274641169590746	0.21292408946172	6.84666246175766
86.9	0.18809832404193633	0.17339768462837524	6.711384654045105
87.2	0.17700172110899495	0.1609435150398921	6.497042298316956
92.9	0.17180538356775857	0.15590356081612977	6.17505019903183
83.9	0.17042576416947028	0.15474839916680144	5.738340497016907
88.3	0.16960254424561588	0.15397545029843332	5.154665410518646
92.6	0.16949330832157505	0.1537063139005897	4.479995012283325
92.7	0.17141821570621155	0.15562284363495563	3.768569380044937
92.6	0.17473751862610504	0.15912811201523605	3.1371221244335175
92.8	0.17926004436343182	0.16377718986861467	2.639539524912834
93.2	0.1856674858713679	0.1702908012931442	2.272763967514038
93.2	0.19330863053910619	0.17832226202122906	2.0125510543584824
93.5	0.20199775112290752	0.18745800618179972	1.8452579230070114
92.8	0.21142448425877114	0.19738699454643746	1.7421450912952423
93.5	0.22076742520078613	0.2073577995646734	1.6397403627634048
93.4	0.23071924413330758	0.2178483711101316	1.571607954800129
93.5	0.2399225755978086	0.22756764259306977	1.52833491563797
93.5	0.24917210307112506	0.23739019243572576	1.4750549420714378
93.3	0.25732978075199653	0.24605097251720862	1.4801822155714035
93.6	0.26622078119073245	0.25545980795766193	1.4491413459181786
93.6	0.2739974787875121	0.26369102579084486	1.4112760797142982
93.6	0.28136264944611944	0.27144700683851203	1.4529051631689072
93.4	0.28878374784211663	0.27927567775201534	1.4094955325126648
93.5	0.2956760531444656	0.28651060097035413	1.4103855043649673
93.7	0.3022880701702929	0.29353839436283957	1.351437322795391
93.9	0.30852412053721934	0.3001257708167148	1.343057967722416
93.9	0.31506224287224566	0.30698631206661126	1.3383139297366142
93.9	0.3209556269288439	0.31323632349662234	1.3389776796102524
93.9	0.3260627688787727	0.3185532649933643	1.3216876313090324
93.6	0.3309105828987433	0.32367193088457874	1.3306058421730995
94.3	0.33645397189252796	0.3293737766516497	1.3190472647547722
93.5	0.3415174001533246	0.334840628630984	1.3156695142388344
93.3	0.34565951352387975	0.33927268201850314	1.3232192248106003
94.1	0.3504161074374729	0.3441515278698131	1.301877312362194
92.9	0.3531136255468224	0.3472556846011438	1.4610382094979286
93.7	0.35727485849441976	0.3513110039261164	1.3233078494668007
92.4	0.36129965207651116	0.3553655485046369	1.5774792283773422
93.2	0.36486896582055994	0.3592893217131937	1.492169588804245
93.6	0.36786573411312345	0.36261119354128113	1.4059365019202232
93.4	0.370153123162914	0.36537515822233413	1.2962282672524452
93.3	0.372679754609134	0.36818068153146716	1.3745497018098831
93.4	0.37642961557004073	0.371699934293947	1.3816072791814804
93.8	0.3798684821746736	0.37535887753385666	1.325998216867447
94.0	0.38237062188011556	0.3780072590440655	1.294980138540268
94.1	0.3850490551183735	0.3807477545428421	1.2897429019212723
93.9	0.3869133210634016	0.3826977957000389	1.2819878160953522
93.8	0.38943794516411456	0.3852845764362452	1.281087912619114
93.4	0.39178217654835906	0.38737067157589894	1.3957122713327408
94.1	0.39367299008785134	0.3895564084180252	1.2900189459323883
93.7	0.3952416657866795	0.39126007801355134	1.2792669385671616
93.6	0.39745904104034674	0.3935259308479942	1.2784425169229507
93.8	0.3992359884021187	0.3952655560970425	1.2771819904446602
93.9	0.40054336614582775	0.39653915915250665	1.2786365672945976
93.9	0.4029115009302989	0.3987345473311926	1.3291335552930832
93.6	0.40479745698681374	0.4005346322418095	1.3928649798035622
93.3	0.4066759888963363	0.4024487672797524	1.420631006360054
93.6	0.40746513837816095	0.4038897374960034	1.2975460067391396
94.3	0.40891681641957545	0.40507177224312335	1.2909278273582458
93.9	0.4101594086310936	0.40631331316691766	1.292863130569458
92.7	0.411522197284534	0.4071629987649341	1.6187290102243423
94.1	0.41174919120501435	0.408183731566151	1.274998553097248
93.5	0.41183251171092244	0.4088016161055311	1.4119654968380928
93.8	0.413496347169162	0.4099121947757895	1.3467906937003136
93.8	0.4148841491049586	0.4113412705541992	1.3670002594590187
93.6	0.41483672696459933	0.41171779483580223	1.2771262153983116
93.6	0.4162007074267534	0.4131636279593704	1.2869045734405518
93.7	0.41730847626154716	0.4142292495861412	1.2734031900763512
94.1	0.41829151359791417	0.41501772751705596	1.298823021352291
93.6	0.419355877167885	0.4159877301946873	1.3376181796193123
93.3	0.41932169037604033	0.4164237875846919	1.3035265356302261
93.5	0.4202832660992641	0.4173477328241041	1.2831064760684967
94.0	0.4217356585536474	0.4186226977390876	1.2795887365937233
93.8	0.4219948731142661	0.41896451038919313	1.2708544433116913
93.6	0.42215327202820174	0.41926922389261145	1.2947272881865501
93.9	0.42395109669414544	0.4206045742364367	1.3648333847522736
93.9	0.42458186301744466	0.4215878342008784	1.2702393755316734
94.0	0.42550119404786513	0.4222244813835291	1.3317843452095985
93.8	0.42591744251079294	0.42286785285300993	1.2705837115645409
94.1	0.4268614750664694	0.4235809898432216	1.3143797144293785
93.9	0.4273978356615983	0.424238348574354	1.2775970250368118
93.9	0.42796841083423415	0.42479883725938866	1.2737549021840096
93.9	0.4281490796355184	0.42490137146262325	1.2791785299777985
93.8	0.4287096983159354	0.4252302151281846	1.343477301299572
93.7	0.42847798793760633	0.42529735750931164	1.2695234417915344
93.8	0.4295131262136654	0.42596724309783546	1.3608352094888687
93.7	0.42964960846215855	0.4265046727992241	1.2690191939473152
93.5	0.4295521196581878	0.42651761397979865	1.2822128608822823
92.6	0.43062894567441207	0.4268045559481547	1.4998633489012718
93.7	0.429589325375074	0.4264306360376041	1.268456608057022
93.8	0.4300379030518669	0.42671435034882926	1.285697378218174
93.8	0.4302858984184883	0.42712789620353714	1.2682745680212975
93.3	0.430164515050647	0.42722365377272425	1.3005842939019203
93.8	0.43123691631739663	0.42777691442242655	1.316601812839508
93.8	0.4313919037061436	0.4280869932121265	1.277986191213131
93.5	0.4312418549734856	0.42813096794742966	1.2727883011102676
93.8	0.4318121678076329	0.4283921717597836	1.28721484541893
93.8	0.4319714464391827	0.42863040239195865	1.2731875106692314
93.7	0.4320823122122526	0.4291800929497363	1.3140683472156525
93.3	0.4331442915760106	0.4293751565464711	1.4499192461371422
93.6	0.4334733521066819	0.4299669136974196	1.3654073849320412
