acc	dc0_val	dc1_val	loss
50.0	0.11099714640747975	0.15593870255227657	1.3855986595153809
50.0	0.031384987894438145	0.04969603893383683	1.3847495913505554
50.0	0.013247822343743918	0.022829224916921114	1.382730782032013
50.0	0.007249430651991881	0.012839125340292214	1.379991590976715
50.0	0.004565694067369518	0.007776457235663416	1.375724971294403
50.0	0.0031918765952612255	0.004417820593274025	1.372128665447235
50.0	0.0024401274281914314	0.0032045045478099623	1.3684101104736328
50.0	0.002044637134045257	0.0019588330956784973	1.3643617033958435
50.0	0.0020078611985303242	0.0012190299116304406	1.3597349524497986
50.0	0.0020772664205473573	0.000990514493440541	1.3517122864723206
50.0	0.001980342127517716	0.0008321002644983543	1.3392492532730103
50.0	0.0021102068591564425	0.0006243154198412241	1.3312817811965942
50.0	0.002148757269272776	0.0003234575757143844	1.3244038820266724
50.0	0.002181644391852175	0.00016856798769348088	1.3152732849121094
50.0	0.00211704052124516	6.99676884487987e-05	1.3068331480026245
50.0	0.0021942365272946394	6.839672420881123e-05	1.3001307249069214
50.0	0.00211927118595556	8.198082122339924e-05	1.2871158719062805
50.0	0.002157515515612646	3.265368664604329e-05	1.274784505367279
50.0	0.002049118346156601	3.4209783324610516e-05	1.2615774869918823
50.0	0.002106293237982806	-1.855251753580301e-06	1.2507803440093994
50.5	0.0022235929865224787	1.4945010803940641e-05	1.2366692423820496
54.0	0.0022086363522736525	-5.194048644171e-06	1.2227058410644531
56.0	0.002199099087980909	-6.540002080912091e-05	1.2112438082695007
56.0	0.0022441348751717203	-4.611813982345838e-05	1.199545443058014
59.0	0.0022149518512397447	-6.599549473660243e-05	1.1847384572029114
59.5	0.002290567839058277	-4.558505456248564e-05	1.171518623828888
63.0	0.0022793779760143943	-3.3596230088597035e-05	1.1531320810317993
62.5	0.0022651935972646114	-7.077660256082262e-05	1.1426220536231995
64.5	0.002201605691245484	-0.00016905379057856215	1.1264774799346924
65.0	0.00219464786950316	-0.0001856761503450375	1.1132748126983643
65.5	0.0021407502651683984	-0.00022843302088913905	1.101208508014679
65.5	0.0020934924745911847	-0.0002315986795302533	1.0903596878051758
66.5	0.0020744064442210722	-0.0002760716015603058	1.0747690200805664
68.0	0.002042156283735203	-0.0003768974489918131	1.0570220947265625
68.0	0.0019528857560236182	-0.00036200781445841425	1.0484734177589417
69.5	0.001976982925955133	-0.0003954401352274637	1.025135099887848
69.5	0.0019747181995905115	-0.0004082527715104108	1.0145761966705322
69.0	0.0019695770828747506	-0.0004080008444335333	1.015131652355194
69.5	0.001995172122965906	-0.00043400310628433433	1.0115082561969757
70.0	0.0018532026057006524	-0.0004230800672230061	1.0073249340057373
70.0	0.0019049582451317888	-0.0005036906182897941	0.9915255904197693
72.0	0.0018855835067934032	-0.0004970023372624991	0.9730517864227295
73.0	0.0018620650455812094	-0.0005042492555276856	0.947985827922821
73.0	0.0018358897416578908	-0.0004943704669690663	0.9492575526237488
74.0	0.001800447076941752	-0.0004994691502061134	0.9303486347198486
73.5	0.001787269170915592	-0.0004971260249954484	0.937554121017456
73.5	0.0018463660525621871	-0.0005034121720481423	0.9261056780815125
74.5	0.0018713126462885103	-0.0005017160316514812	0.9069525003433228
74.0	0.0018758096452499487	-0.0005058842501653022	0.8963196873664856
74.0	0.0018198823703036782	-0.0004971251586088986	0.8987362384796143
74.5	0.0018444117176457681	-0.0004945257478673429	0.884036123752594
74.5	0.0018658987248752253	-0.0004822365179295059	0.8843241631984711
74.0	0.0018240926943892274	-0.0004690982135490317	0.8978607952594757
75.0	0.0018007473541471388	-0.0004653330949172097	0.8742773234844208
74.5	0.0017532493820973476	-0.00047103587258762815	0.8860786855220795
74.5	0.001721527527656135	-0.0004591763819006686	0.8850677013397217
74.5	0.0017028692084536771	-0.0004782073814251798	0.9076105356216431
74.0	0.0016580854877012924	-0.0004836218250655392	0.9259904026985168
73.5	0.0017060599792332114	-0.0004958302808694273	0.9091504216194153
74.0	0.0016373654721718199	-0.0004904959759683239	0.9072246849536896
74.0	0.0016469338893569632	-0.00048591555178645134	0.8965869843959808
74.0	0.0016858036098521022	-0.0004972329794372748	0.8915320634841919
74.0	0.001548987232859698	-0.0005078386976263347	0.9013645946979523
74.5	0.0015018779871254343	-0.000517633166159524	0.873621791601181
74.5	0.0015072244006977	-0.0005279261085524075	0.8610531389713287
75.0	0.0015607932408462702	-0.0005544788724517771	0.8325520157814026
75.0	0.0015967403864223556	-0.0005636507349923883	0.8284773230552673
75.0	0.0015841905074279285	-0.0005555785362511313	0.8213253021240234
75.5	0.0016134750114486865	-0.0005477355320656638	0.8100163042545319
75.5	0.0016154987973365385	-0.0005477543074043768	0.8155475556850433
75.5	0.001619480028388082	-0.0005461122410943052	0.7921913862228394
75.5	0.001614241152886194	-0.0005481059196400478	0.804069846868515
75.5	0.0015913829752348932	-0.0005384229925002864	0.8078239858150482
75.5	0.001643022024938327	-0.0005611487160344959	0.7964063286781311
75.5	0.0016426349671866808	-0.0005761949879392787	0.7895056009292603
75.5	0.0015744705354892837	-0.0005749859057710922	0.805321216583252
75.0	0.0015566545055834006	-0.0005863527025020258	0.8093355298042297
74.5	0.0015065831368756444	-0.000608462048486379	0.8218489587306976
74.5	0.001542462411597633	-0.0006289145451332343	0.817613273859024
75.0	0.0015062599526227869	-0.000627054051848108	0.8050606846809387
75.0	0.0015185987911463237	-0.0006368797576655285	0.7922730445861816
75.5	0.0015561246721527693	-0.0006347736242576851	0.7953182756900787
75.0	0.001631681191118372	-0.0006395750460768493	0.7933674156665802
75.0	0.0016458065558176626	-0.0006389898303086493	0.787582516670227
75.5	0.0016292698276486489	-0.0006259941750928968	0.7855816781520844
75.5	0.0016263989492999048	-0.0006174170198868477	0.7877909541130066
75.5	0.001665914011841411	-0.0006038902193257172	0.7822137773036957
75.5	0.001706851126225217	-0.0005995177273758061	0.7787125110626221
75.5	0.001713796178930594	-0.0005935190236959968	0.791822999715805
75.5	0.0016039848564310256	-0.0005904647492419984	0.7998857498168945
75.5	0.0016342627819198286	-0.0005867629112157199	0.7986757457256317
75.5	0.0016168302197546178	-0.0005841425755331872	0.7873397469520569
75.5	0.0016286698764412042	-0.0005867487116653408	0.7904690206050873
76.0	0.001695387694268024	-0.0005983589947790113	0.7724296748638153
75.5	0.0016481664094861433	-0.0005991312778885195	0.7841982841491699
75.0	0.001667769510624588	-0.0005948667422774248	0.7891751527786255
75.5	0.001591791186160275	-0.0005953511825992605	0.7903444468975067
75.5	0.001549038813449227	-0.000608189994512482	0.8020085990428925
75.5	0.0015986829082273745	-0.0006094236393159143	0.7847603261470795
76.0	0.0016192334654904536	-0.0006123486874444982	0.774072527885437
