acc	dc0_val	dc1_val	loss
62.6	0.3290821050671759	0.3403172530068594	6.570988476276398
77.3	0.24974997309896826	0.24392785107160686	5.929311990737915
82.2	0.22320134218522808	0.21105367799316413	5.023693144321442
82.6	0.22221437793371351	0.2088155258144236	4.166229605674744
82.8	0.2550545068814622	0.24419411340668695	3.5938929617404938
82.6	0.42699658404767593	0.4320815328440587	3.324146181344986
83.3	0.050362402890007846	0.08779979265582029	3.22895285487175
83.5	0.04345005639214577	0.02853835116846876	3.169504553079605
83.6	0.058272108664823706	0.042334098019401925	3.1237823367118835
83.6	0.06337134884316666	0.04897129241735499	3.0892167687416077
84.0	0.06384141819268264	0.05125641897724854	3.0558750331401825
84.2	0.0615258494546261	0.05084669668980098	3.01937997341156
84.7	0.0583031227380219	0.04879997192826377	2.9730687141418457
84.9	0.0540868996895015	0.04560744024154892	2.9180836975574493
85.6	0.04910113322510699	0.04138885340199159	2.848715916275978
86.9	0.04371728836798103	0.03666232859479319	2.7612291425466537
88.0	0.03866033917982198	0.032223364158139735	2.6539170145988464
89.1	0.03380294078102787	0.028354820827778997	2.5215876400470734
90.1	0.029335655896090423	0.02514383659879531	2.370820626616478
91.6	0.025798459680170686	0.022797310717216638	2.2144678235054016
92.7	0.02362512375615788	0.02215780637732344	2.0523953437805176
93.7	0.02221689624293757	0.0219149485029339	1.8727008402347565
93.7	0.020153421387828396	0.020544232771994724	1.7269061654806137
93.7	0.01834014507280049	0.019134616075615896	1.600077360868454
93.7	0.01745106330163069	0.018583210774379463	1.5385085195302963
93.7	0.017452535900708995	0.01844973596244662	1.4867816045880318
93.7	0.018618412116020416	0.01994945308596356	1.4555715918540955
93.8	0.021017254730641994	0.023009949484969608	1.443995863199234
94.0	0.023803615929604602	0.026105944298942287	1.419937089085579
94.1	0.027229999289373707	0.02981718992901303	1.383377619087696
93.5	0.03095403827623323	0.03465900510795362	1.4031932801008224
93.4	0.03445339580323053	0.03872382986737085	1.3885156735777855
93.2	0.03835003528888549	0.04372199879096927	1.4242942333221436
93.3	0.04225922468962691	0.04846500624588074	1.4554309770464897
93.1	0.04615593448753381	0.052817167427923674	1.4816726297140121
93.2	0.049868844036714564	0.0568328164382863	1.49664918333292
93.0	0.05354693767463612	0.06110731748376878	1.549096703529358
92.8	0.057075705648893964	0.06522080934101333	1.575307846069336
92.5	0.060154598867906396	0.0688230554414823	1.6559777855873108
92.7	0.06302287707034958	0.07169018072433536	1.6905693262815475
92.4	0.0654841535028347	0.07413909800637959	1.7454432845115662
92.0	0.06676573919412761	0.07525746762505975	1.7732365131378174
92.2	0.06791837484787917	0.07594030537105276	1.7715323939919472
92.1	0.06896499954033712	0.07663882055663086	1.7932045310735703
92.1	0.07013327410685549	0.07779344248356654	1.8567678332328796
92.0	0.0711903507900527	0.07843328759538692	1.8694172576069832
92.1	0.0720422142752565	0.07867767471431585	1.8525089025497437
91.9	0.07294304994109078	0.07951862489188735	1.9010803923010826
91.8	0.07379443016967051	0.08051606815302953	1.9665902256965637
91.7	0.07471358198169861	0.08106036902339636	1.9599239379167557
91.7	0.07566491245280173	0.08191687055241786	1.984118789434433
91.6	0.07650812276229708	0.08230886855489149	1.9385271817445755
91.5	0.07689083691471807	0.08267216109301312	1.9570478200912476
91.8	0.07730766822010977	0.0829024774143597	1.9489247351884842
91.7	0.07772342799128322	0.08330635519317943	1.960206277668476
91.5	0.07809909285249166	0.08367013256279847	1.9678265452384949
91.8	0.07847810648525289	0.08397219885623046	1.9692748486995697
91.4	0.07883462650393894	0.08436203607467865	1.9881364703178406
91.7	0.07922876632007915	0.08460641648641817	1.983896255493164
91.4	0.07965307070055866	0.08493676224949431	1.980807013809681
91.6	0.08004038864309938	0.08524569905129327	1.9878339916467667
91.5	0.08041475088252457	0.0855323390700078	1.990492343902588
91.4	0.08082363534413858	0.08591597266828216	2.001143380999565
91.5	0.08099749234505949	0.08606615974526469	2.00439390540123
91.5	0.0811820483265223	0.08617556575320544	1.9984312653541565
91.6	0.0813644478294124	0.08627660860859551	1.9943282902240753
91.4	0.08157235666683826	0.08644891581843533	1.9980287104845047
91.8	0.08173208240925176	0.08661226281176687	2.0042549446225166
91.4	0.08189448379656507	0.08673770142176539	2.006122335791588
91.6	0.08208719858933691	0.08684399404188817	2.0012454837560654
91.5	0.08227084180024945	0.08693954808539606	1.997363030910492
91.5	0.08245049239420321	0.08706507451627396	1.9957656860351562
91.6	0.08265347789554804	0.08728318780490849	2.007698804140091
91.5	0.08286324468601072	0.08745355619282622	2.009806975722313
91.5	0.08294008886294675	0.08753395350326727	2.012115105986595
91.7	0.08303429503449927	0.08759255875523707	2.010800376534462
91.4	0.08312103197757618	0.0876627355184672	2.01125056296587
91.6	0.08320056696498453	0.08769864268197182	2.0065276622772217
91.5	0.08332062345536456	0.08782356275239533	2.0135229378938675
91.3	0.08342693483964848	0.08791517442185744	2.016356959939003
91.7	0.08352608182461968	0.08800112809196944	2.0195356607437134
91.7	0.08363111133332836	0.08806752991372187	2.01966355741024
91.4	0.08371381818335669	0.08811834509267226	2.017981067299843
91.7	0.08380478625719187	0.08817460692788298	2.0166667997837067
91.6	0.08389141678747876	0.08823986084873839	2.017946571111679
91.4	0.08393387986892266	0.08827429332647663	2.018654942512512
91.5	0.08397707461339797	0.08831497101151725	2.020076707005501
91.4	0.08402699816801597	0.08835623478220803	2.020998477935791
91.5	0.08407364584556852	0.08837749942443064	2.019177533686161
91.6	0.08412744719786287	0.08841418629334111	2.0187409222126007
91.2	0.08418108422261936	0.0884611326470327	2.020355612039566
91.5	0.08422352093559818	0.08847811947945529	2.0185846239328384
91.6	0.08426660100631271	0.0885083460994704	2.018507406115532
91.5	0.08431230764246431	0.08855940677605811	2.021213546395302
91.4	0.08436178973776824	0.08859293211458726	2.021294541656971
91.5	0.08441484932617267	0.08861166500441356	2.0185345709323883
91.3	0.08444137096784171	0.088640536253239	2.020082011818886
91.4	0.08446590361459147	0.08865321639348717	2.0195796340703964
91.3	0.08448644908715042	0.08867167818640552	2.0203997045755386
91.7	0.08450936085985017	0.08868820606821474	2.0205440744757652
