acc	dc0_val	dc1_val	loss
50.0	0.20179978602355841	0.21836044610473596	0.6942389011383057
50.0	0.08883505141166542	0.09004303353210044	0.6937511563301086
50.0	0.05105970338938404	0.047063447098236906	0.6931619048118591
50.0	0.03505666805468902	0.029454229799369465	0.6927563548088074
50.0	0.026850693372936413	0.02081680633295165	0.6921108365058899
50.0	0.02204797181663869	0.016094265935015988	0.6914092302322388
50.0	0.018977335383424852	0.013290357070483922	0.6907873749732971
50.0	0.016977193835916688	0.011518633707400002	0.6902392506599426
50.0	0.01569321346010711	0.010347562505630774	0.6897107362747192
50.0	0.014909533447238577	0.009525143489183764	0.6891629695892334
50.0	0.014456095135127313	0.008947430475721215	0.688609778881073
50.0	0.014213675434984812	0.008541800422773315	0.6880513429641724
50.0	0.014089643304607184	0.008262291233198792	0.6874905824661255
50.0	0.014025311049867957	0.008075851653690678	0.6869260668754578
50.0	0.013979005723214784	0.007952842202519673	0.6863672733306885
50.0	0.013933160309569342	0.007878016972484947	0.6858136057853699
50.0	0.013877153327131827	0.007826847342137273	0.6852694153785706
50.0	0.013810547864942905	0.007785948761095505	0.6847370862960815
50.0	0.0137312725096403	0.007754284174202808	0.6842238903045654
50.0	0.013642173009161313	0.007727403782456008	0.683733344078064
50.0	0.013546801535917662	0.0076991890491172055	0.6832774877548218
50.0	0.013444098461378713	0.007671673501745325	0.6828488707542419
50.0	0.013340043019211068	0.007643188026634283	0.6824654936790466
50.0	0.013232959222077982	0.0076171555562176575	0.6821266412734985
50.0	0.013130124293526496	0.0075909198423043415	0.681853175163269
50.0	0.0130275835693699	0.007568703226890608	0.6816474199295044
50.0	0.012929830827236389	0.007548825946637574	0.6815170645713806
50.0	0.012836871093530884	0.007529169755171202	0.6814703941345215
50.0	0.012746395312621528	0.007507929164188207	0.6815284490585327
50.0	0.012664191228355428	0.00747823119039508	0.6816723942756653
50.0	0.012592250258087996	0.007441577911935	0.6819073557853699
50.0	0.012529137317463588	0.0074071417901075565	0.6821660399436951
50.0	0.012475018851018425	0.007383663065475878	0.6824755072593689
50.0	0.012430884250923906	0.0073798544709756065	0.6827661395072937
50.0	0.012392396711887133	0.007393414578662483	0.6830512881278992
50.0	0.012359583192151139	0.007420345345310771	0.6833826303482056
50.0	0.012328838617949424	0.007456907682040307	0.6837937235832214
50.0	0.012300706783883042	0.007496276805563811	0.6843248605728149
50.0	0.011534874528447604	0.006856797676264225	0.6800621747970581
50.0	0.010884051336360218	0.006321726534315103	0.6762025356292725
50.0	0.010330073369469641	0.005870123064571434	0.6727253794670105
50.0	0.009855678056105124	0.00548849810397031	0.6695825457572937
50.0	0.009447271985424405	0.0051639737270475425	0.6667497158050537
50.0	0.009095648972076511	0.004886380729034024	0.6641530394554138
50.0	0.008790471970874644	0.004647169636450587	0.661764919757843
50.0	0.008526655825115149	0.004440327912748467	0.6596316695213318
50.0	0.008293714950946223	0.004261085482751803	0.6576752066612244
50.0	0.00809222437100169	0.004103880104771136	0.6559165120124817
50.0	0.007914658703500542	0.003965891856284099	0.6542717218399048
50.0	0.007758037591100324	0.0038435419092620773	0.6527696847915649
50.0	0.007619938712399559	0.0037346356342256356	0.6514094471931458
50.0	0.007498112359987339	0.00363841372367274	0.6501943469047546
50.0	0.007388419794639924	0.0035540733671780194	0.649057149887085
50.0	0.007291351329550122	0.0034765805748316198	0.6479865908622742
50.0	0.0072038135428614675	0.0034071023631045464	0.647092342376709
50.0	0.007125611004647683	0.0033469325922643703	0.6462031602859497
50.0	0.007054000887965799	0.0032915695015806198	0.645369827747345
50.0	0.0069885139019080075	0.0032411241130584586	0.6446104049682617
50.0	0.006930517850156163	0.0031968379322678208	0.6439377665519714
50.0	0.0068753819259700965	0.0031569418857167806	0.6432502865791321
50.0	0.006825031515409827	0.0031192252385820315	0.6426846981048584
50.0	0.006776937699793456	0.0030871978699980227	0.6420613527297974
50.0	0.006733438922321284	0.0030576183275569987	0.6415392160415649
50.0	0.006691720910130091	0.003032814364099993	0.6409487724304199
50.0	0.006652485871124615	0.003009699165863725	0.6404964923858643
50.0	0.006614659664448448	0.002987424097687333	0.6399368047714233
50.0	0.0065787069693209075	0.0029690299390883793	0.6394891738891602
50.0	0.006543427737895295	0.0029522046622994717	0.6390030384063721
50.0	0.0065099198956161935	0.0029351003653263507	0.6385509967803955
50.0	0.006476319013936928	0.0029221676347486575	0.6380836367607117
50.0	0.006443398235743207	0.0029084537195700976	0.6376245617866516
50.0	0.006412430997257191	0.00289673846187725	0.6371483206748962
50.0	0.006381857997509135	0.0028848596882140244	0.6367985606193542
50.0	0.0063488497652679585	0.0028725200349011028	0.6363831162452698
50.0	0.006318700738444973	0.002861511667896799	0.6360175013542175
50.0	0.006288533442131412	0.0028517318089443166	0.6355777978897095
50.0	0.006256855960566666	0.002840820489903196	0.6352402567863464
50.0	0.006226182116775151	0.0028294607320259115	0.6348965764045715
50.0	0.0061965532943133545	0.002818032589054509	0.6345314979553223
51.0	0.006164629561470826	0.002806826638995565	0.634207546710968
51.0	0.006134040118508162	0.002795303398197905	0.6339238286018372
51.0	0.006103555956114022	0.0027839301518311544	0.6336421370506287
51.0	0.006073074626412642	0.0027712757666034336	0.6333174705505371
52.0	0.006041848401918597	0.002759795403500724	0.6330583691596985
52.0	0.0060109195958668255	0.00274628106109367	0.6328043937683105
52.0	0.005979532878396003	0.0027327503485354357	0.632550060749054
52.0	0.005947588638845685	0.002719507138796199	0.6322777271270752
53.0	0.005916246533825528	0.002706162632083118	0.6319622993469238
53.0	0.005883183884760258	0.002692571923826178	0.6317040324211121
53.0	0.0058527572012038245	0.0026780115349358145	0.6314235925674438
53.0	0.005818686130855414	0.0026632333639711988	0.631115734577179
53.0	0.005787777792584194	0.002649890056019911	0.6308871507644653
54.0	0.005755096784061384	0.0026355653351946944	0.6305062770843506
54.0	0.005721952131741558	0.002620766892659585	0.630160927772522
54.0	0.005689997043144979	0.002605484624324548	0.6298666000366211
54.0	0.005656978784005148	0.002590899649099124	0.6294917464256287
55.0	0.0056232756055703955	0.002575233829713993	0.6291007399559021
55.0	0.005589578850923796	0.002559738880058405	0.6286187767982483
55.0	0.005556583791096101	0.002545018591352013	0.6281062960624695
55.0	0.005522158170298137	0.0025296778278162597	0.6276049017906189
