acc	dc0_val	dc1_val	loss
75.3	0.18667693593965104	0.17373095833855104	6.811124384403229
91.6	0.16928077540332634	0.1537741447227768	6.615500032901764
92.5	0.16537611672633873	0.15005565519065253	6.345045208930969
90.0	0.16510009821773328	0.1499306817023088	5.950494110584259
92.9	0.1652128042202588	0.15008221039394828	5.390840470790863
93.0	0.16699074124254085	0.15186607216976575	4.707751959562302
92.9	0.1688774378456682	0.15379825390947863	3.9734064638614655
92.9	0.1719873486764125	0.15693556495561653	3.292313724756241
92.9	0.1761885367447998	0.1611811267105276	2.738576591014862
93.2	0.1828023357250202	0.16800174382509986	2.356082037091255
93.5	0.19003638716694593	0.17557144221343696	2.1155392974615097
93.1	0.19776807076288852	0.18365834046754065	1.9410143941640854
93.3	0.20637240137431906	0.19257898501674636	1.7827555984258652
93.3	0.21521609376640213	0.20185419708600472	1.714629590511322
93.1	0.22388489781722246	0.21096276936495537	1.666920617222786
93.4	0.23249175789467208	0.21993689703543093	1.550291821360588
93.5	0.24111611626857463	0.2289976831269777	1.5231905728578568
93.1	0.24964341438464993	0.23796946185992648	1.538910798728466
93.9	0.2582407819885525	0.24691098449871082	1.4302301481366158
93.4	0.26664719079856364	0.2557312079291163	1.4157673045992851
93.4	0.274441463734683	0.26394671426390687	1.4267384856939316
93.3	0.28175320438375095	0.27163150318141666	1.42086773365736
93.2	0.28866863183184754	0.2788807666966194	1.4424802213907242
92.8	0.2957885734452238	0.28634227532512696	1.5600812658667564
93.9	0.303038219095083	0.29396321372814443	1.3410124853253365
93.9	0.30928298374704205	0.3005288751442779	1.3350505754351616
93.0	0.3152501764445525	0.30685380044245614	1.379490241408348
93.5	0.3215036958485437	0.3132844002159357	1.3783235549926758
93.9	0.32738974483141686	0.3194555565024698	1.3564017191529274
93.7	0.33265504415985775	0.3249299400715631	1.3468613028526306
93.9	0.3383577543502699	0.3308502647499075	1.3343195542693138
94.0	0.34320533267432773	0.3359055113373881	1.3094118908047676
94.1	0.3485911496919961	0.34147653126010885	1.3043580278754234
93.9	0.35240724464350887	0.34541032332900024	1.303442694246769
93.7	0.35694729020044874	0.35014051636111326	1.2973217740654945
93.6	0.36161636732247404	0.35501168928329174	1.2978275045752525
93.3	0.36510963091153975	0.35881744480469774	1.3642468973994255
94.1	0.36881813312767897	0.36238698769312727	1.3163827434182167
93.8	0.37204106740106335	0.36569428523028114	1.3374328538775444
93.5	0.3754227783223397	0.3694319581760566	1.2913540750741959
93.6	0.37869748589398944	0.37279890117917913	1.2875395119190216
94.0	0.3819326256529566	0.3760149575178223	1.2933762520551682
94.2	0.38443939429981866	0.37849898884978544	1.311338946223259
94.1	0.3869829077792222	0.3810877575893882	1.3147432431578636
93.5	0.3897395448206852	0.38419497061168595	1.2898025587201118
93.8	0.39200258122140336	0.3863888884857078	1.2836973443627357
93.7	0.39456497586914524	0.38876752668628034	1.3621753379702568
93.9	0.39731179237507874	0.3918080155279303	1.2879555225372314
93.9	0.39920693237982713	0.3936582706093592	1.3074453920125961
93.2	0.40077380139315216	0.3957118029438632	1.3226768746972084
93.5	0.40241987523447437	0.39682360606111977	1.3767780512571335
93.3	0.40411928247834905	0.3984918218362305	1.4819482862949371
93.8	0.40554901494032597	0.40066038867959963	1.2860798314213753
93.6	0.4076397778013377	0.4031529621136455	1.3608102947473526
94.1	0.40901761715196006	0.4039678322570583	1.3284052312374115
93.5	0.4102627404525294	0.4051650590733394	1.3836216181516647
93.9	0.41185731451763846	0.4071689214085931	1.2833338156342506
93.7	0.41357260996890083	0.4092543599000955	1.2860686033964157
93.8	0.41528791735381115	0.410927231124467	1.2764029428362846
93.9	0.41505480807105	0.4104437396635926	1.301551215350628
93.9	0.4157357100298135	0.4111684889567879	1.2958705350756645
93.5	0.4167865279012205	0.4126395436722123	1.294555015861988
93.8	0.41766828663932326	0.4129708030575365	1.3411211147904396
93.5	0.4183763587154253	0.4134858337293246	1.4495458900928497
93.5	0.4202178579620801	0.4164889072007844	1.3626804500818253
93.7	0.42054536342184695	0.41638389272258947	1.2774250507354736
93.9	0.4201244493088793	0.4158388011309939	1.298047624528408
93.7	0.4207043993534929	0.41628078472703206	1.34394009411335
93.7	0.4210913486213324	0.41703623830528475	1.2743853852152824
93.5	0.4221469553255268	0.41825352609155286	1.2829473540186882
93.3	0.42259250867108056	0.41796668197421116	1.4652042612433434
93.8	0.4229938828684331	0.4189448908773106	1.276628129184246
94.0	0.42315345394606013	0.4189098108949531	1.3092434704303741
93.9	0.42293155073547894	0.418874370702675	1.2745222374796867
93.7	0.4239822813423876	0.4201442630317544	1.2875036746263504
93.2	0.4243108689506081	0.41972264460589515	1.4667175486683846
94.1	0.4256032753476294	0.42139947341199074	1.3348132073879242
93.9	0.42587157419896227	0.4219066328270929	1.284554049372673
93.9	0.42575583734694045	0.42180669545302024	1.2818895354866982
94.1	0.4264332618814822	0.4223155438696072	1.319471836090088
93.8	0.4266835612417571	0.4228689183454211	1.2726111337542534
93.9	0.42682989997593834	0.42274880873310355	1.3051672130823135
93.6	0.42730102834856043	0.4233756268546109	1.2768186181783676
93.9	0.42720438148629875	0.4231721077633861	1.2882940471172333
93.8	0.4273541140007078	0.4234075364288175	1.2757610231637955
93.9	0.42756771013533834	0.4234989488994474	1.2926282435655594
93.6	0.42739602369864343	0.4233769591199595	1.2796019092202187
93.9	0.4279678290781499	0.4238998714922882	1.290095217525959
93.7	0.4275896659697874	0.4235384898887326	1.2821277752518654
93.8	0.42810722251525574	0.4240322345267687	1.285172201693058
93.8	0.428254901545114	0.4242416069794979	1.2752807587385178
94.0	0.4282843360404612	0.42414202031875947	1.2927004098892212
93.8	0.4282762318041076	0.4242342628887565	1.2757811322808266
93.9	0.42837828553785234	0.42419433535746254	1.2976731657981873
93.7	0.428396576939693	0.4243541163317301	1.2746244966983795
93.8	0.42858180449903077	0.4244082056577295	1.2930629700422287
93.7	0.42858483272381437	0.4244383278845834	1.286006473004818
93.7	0.4290717555072229	0.42493009009055754	1.2862326055765152
93.7	0.4290127651952682	0.4248708369463101	1.2847646623849869
93.8	0.4289159960904772	0.42483029081222246	1.2759527564048767
