acc	dc0_val	dc1_val	loss
50.0	0.24732104126949508	0.35985457804559223	0.6931633353233337
50.0	0.1513658420028081	0.19762931127325964	0.6928970813751221
50.0	0.08541880787475266	0.09887257516212533	0.6926015615463257
50.0	0.050672105381049694	0.05151522538125838	0.6922073364257812
50.0	0.03266694812008469	0.02842103642357803	0.6916884779930115
50.0	0.022887945012486692	0.01648721305738114	0.6911395788192749
50.0	0.017134056429179808	0.009923080857192589	0.6905795335769653
50.0	0.013545728336343875	0.006112336152280621	0.6899452209472656
56.0	0.011178360857485777	0.0038062100526341995	0.689235270023346
65.0	0.009516682631518466	0.002383701995658192	0.6884443759918213
73.0	0.008292630482268727	0.0014715904663890429	0.6875497102737427
78.0	0.007353963039591621	0.0008754447390399928	0.6865330934524536
83.0	0.006630424461606122	0.0004722222505823911	0.6853772401809692
85.0	0.006049648329982408	0.000188578545968928	0.6840662360191345
85.0	0.0055608904475407325	-1.7657753517252227e-05	0.6825793385505676
84.0	0.005169254370310196	-0.00016672741420662156	0.6808998584747314
84.0	0.004847782145347124	-0.0002719444968267138	0.6790021061897278
83.0	0.004575673546992653	-0.00034969619149910854	0.6768639087677002
84.0	0.004350554838366695	-0.0004075469018736711	0.6744676828384399
84.0	0.004146800713442355	-0.00045315966799745267	0.6717921495437622
84.0	0.003970896846779513	-0.0004855415860638157	0.668843150138855
84.0	0.0038202778815335323	-0.0005062203592647171	0.6656581163406372
84.0	0.0036865434707960415	-0.0005192037082472977	0.6622767448425293
84.0	0.003576637707922221	-0.0005261975997129076	0.658725917339325
84.0	0.0034844143408554545	-0.0005307302708631794	0.6550201773643494
83.0	0.0034124937524536124	-0.0005310583160581724	0.6511679291725159
83.0	0.0033564180628885385	-0.0005285806000454822	0.6471754908561707
82.0	0.0033104192983479538	-0.0005235306790160735	0.6430495977401733
82.0	0.003269025533910001	-0.000516204695080698	0.6387980580329895
81.0	0.003232778344873954	-0.0005083838040000722	0.6344325542449951
81.0	0.0032021003959041457	-0.0005000772174744395	0.6299619674682617
80.0	0.0031782453468468465	-0.0004920105941348342	0.6253945827484131
80.0	0.003156805156342635	-0.0004850497471654417	0.6207305192947388
79.0	0.0031373237298265365	-0.0004799576963250541	0.6159890294075012
79.0	0.003116708640161418	-0.00047634519561701795	0.6111838817596436
78.0	0.00309642838586093	-0.000473061875424583	0.6063237190246582
78.0	0.0030765051511632293	-0.00047021379126245083	0.6014173626899719
77.0	0.003057366632772526	-0.00046756150538385935	0.5964868068695068
77.0	0.003040228755977263	-0.0004648671477028393	0.5915429592132568
77.0	0.0030243946530430963	-0.0004626178417128043	0.5866007208824158
77.0	0.0030090594488050974	-0.0004611121554397112	0.5816788673400879
76.0	0.002995741678952918	-0.000460026794958088	0.5768019556999207
76.0	0.0029834713706254966	-0.00045887760202915635	0.5719767808914185
76.0	0.002972175855693345	-0.0004578188326925016	0.5672297477722168
76.0	0.0029618183321845227	-0.0004566741956203389	0.5625826120376587
76.0	0.002952614263948087	-0.0004557567352050634	0.5580514073371887
75.0	0.002944694749993961	-0.00045475081801202007	0.5536632537841797
75.0	0.00293762434913911	-0.0004537435073215303	0.549429714679718
75.0	0.002931768930128691	-0.00045256633993169646	0.5453757643699646
75.0	0.0029269659266232813	-0.00045132898181517823	0.5415173768997192
75.0	0.002923392291119369	-0.0004501502928647914	0.5378707647323608
75.0	0.002920985399137361	-0.0004490333523650566	0.5344526767730713
75.0	0.0029192714198003305	-0.0004478560236924865	0.5312767624855042
75.0	0.0029182208523518293	-0.00044680352135412747	0.5283432006835938
74.0	0.0029175702521543104	-0.00044592673703137915	0.5256633758544922
74.0	0.002917547329793484	-0.000445004025039823	0.5232418179512024
74.0	0.002917932818302455	-0.00044443419551354514	0.521083414554596
74.0	0.0029184208233429217	-0.0004439833171513437	0.5191835165023804
74.0	0.0029192151234330222	-0.00044401459007610306	0.5175347924232483
74.0	0.002920003464661023	-0.0004442707108473286	0.5161197781562805
74.0	0.0029207246619491196	-0.0004448423801553528	0.5149368047714233
74.0	0.002921303833753453	-0.0004457449745390853	0.5139535069465637
74.0	0.0029215841011158454	-0.0004470379338973839	0.513154923915863
74.0	0.0029215497345220862	-0.00044880287142692556	0.5125247836112976
74.0	0.0029210624404057257	-0.0004509717879607495	0.5120475888252258
74.0	0.002919956019890761	-0.00045354512023273487	0.5116881132125854
74.0	0.002918302818804772	-0.0004564619469331653	0.5114334225654602
74.0	0.0029160001287104453	-0.0004599908212447679	0.5112484097480774
74.0	0.0029130865642895934	-0.0004638834848464007	0.5111216902732849
75.0	0.002909332484017296	-0.0004681845173217044	0.5110266804695129
75.0	0.0029048611532159346	-0.0004730247356845184	0.5109109282493591
75.0	0.0028996923753011336	-0.00047822152274271785	0.5107760429382324
75.0	0.0028934722620537886	-0.0004839366990145493	0.5105920433998108
75.0	0.0028865384048555706	-0.0004901274164940642	0.5103357434272766
75.0	0.002878792018593501	-0.0004966109468185501	0.50999915599823
75.0	0.002870147512726128	-0.0005035091224034583	0.5095551609992981
75.0	0.0028605766001977033	-0.0005107586004199394	0.509000837802887
75.0	0.002850116942438928	-0.0005183803702846992	0.5083060264587402
75.0	0.00283883228659742	-0.000526327497613475	0.5074843168258667
75.0	0.00282670621170154	-0.0005344701969021891	0.5065156817436218
76.0	0.0028139927540695615	-0.0005429042756986594	0.5053925514221191
76.0	0.002800425149465666	-0.0005514941623891153	0.5041040182113647
76.0	0.0027864280427199253	-0.0005602352818465354	0.5026696920394897
76.0	0.002771788769667884	-0.0005690682474078881	0.501091718673706
76.0	0.0027567790923517057	-0.0005779476482036495	0.4993695020675659
76.0	0.0027414598244880667	-0.000586704107286906	0.497548907995224
76.0	0.0027258263205185763	-0.0005955111679766005	0.49560195207595825
76.0	0.0027101914828880766	-0.0006041733038900806	0.4935474395751953
76.0	0.0026943892336932216	-0.0006126493655121721	0.49139758944511414
77.0	0.002678612623307771	-0.0006208492565732862	0.4891822636127472
77.0	0.00266319790145065	-0.0006287913855867174	0.4869132936000824
77.0	0.0026480888743150876	-0.0006363619023972849	0.4845888912677765
77.0	0.002633275201640859	-0.0006437234192975865	0.4822152256965637
77.0	0.002618893456248598	-0.0006506360699622711	0.47982093691825867
78.0	0.002605107049341907	-0.0006572205404892728	0.47741642594337463
78.0	0.0025918232715817354	-0.0006633849990877486	0.4750133454799652
78.0	0.0025790513522987763	-0.0006692159859888238	0.47261154651641846
78.0	0.0025668783532146098	-0.0006745605164215367	0.47023507952690125
78.0	0.0025553047950243133	-0.0006795174615785988	0.4678693413734436
78.0	0.0025441780032754557	-0.0006840458222742401	0.4655497670173645
