acc	dc0_val	dc1_val	loss
50.0	0.1650147542177964	0.21518218940498915	1.3892019391059875
50.0	0.08929382117274642	0.12059719594171545	1.3883641362190247
50.0	0.057355021083083026	0.07862988063419281	1.3879076838493347
50.0	0.04025577915768606	0.055299668935325265	1.386963129043579
50.0	0.03051675529776918	0.041373099244607574	1.3861926198005676
50.0	0.024602509275877902	0.032582263850796524	1.3853012919425964
50.0	0.02046150742974737	0.026523236018495547	1.3833829164505005
50.0	0.01755698468554074	0.022328567063689544	1.3818646669387817
50.0	0.015301403198460692	0.01911613174165537	1.380336046218872
50.0	0.013306223625780732	0.016382389192767872	1.3785487413406372
50.0	0.011681942897246764	0.014276155735359364	1.3767103552818298
50.0	0.010454143824709826	0.012749608236310652	1.3747810125350952
50.5	0.009583844715860731	0.011716545705925013	1.3727446794509888
52.0	0.008737184194270992	0.01079299249110096	1.3705191016197205
54.5	0.007862311195434625	0.009815591301394453	1.3674622178077698
59.0	0.007240697441035727	0.00906943824347755	1.3628429770469666
62.0	0.00701910656353356	0.008858413056111106	1.3597140312194824
64.0	0.006827945633820692	0.008699528438936168	1.3559871912002563
65.5	0.00666729553922289	0.008574575033516474	1.3517722487449646
65.5	0.00660648200797439	0.008560382637251774	1.3472592234611511
65.5	0.006634932948339703	0.008612954029103698	1.3428133726119995
65.0	0.006676242039942153	0.00863652535263442	1.3379271626472473
65.5	0.006717884836178455	0.008654585022888324	1.332533061504364
65.5	0.006837500750129393	0.008746451856553893	1.3263922929763794
65.5	0.00701833685810501	0.008902878516009106	1.318983018398285
66.0	0.007179236771329843	0.009027580764083701	1.3091431856155396
66.0	0.007382729693709884	0.009170403091273184	1.2993769645690918
66.0	0.0075997062737183305	0.009337398674707746	1.290796935558319
66.0	0.007839441211970508	0.009536161406113509	1.282084047794342
66.0	0.008085014903589644	0.00974202833185177	1.272683322429657
66.0	0.008314562166942438	0.00992849648496785	1.2624627947807312
66.0	0.008545363827276015	0.010107933866432852	1.2511320114135742
66.0	0.008774488267709893	0.010270995544058178	1.237991988658905
67.0	0.009041137367182588	0.010439682702568488	1.2235023975372314
67.5	0.009401423694598317	0.010646765610089875	1.2109612226486206
67.5	0.009807908592807326	0.010893030051078995	1.1993469595909119
67.5	0.010244407402711283	0.011148571161781426	1.1879306435585022
67.5	0.010714998742565995	0.011358901447245835	1.1777490377426147
67.5	0.011220810843287184	0.011498368589982577	1.1685423254966736
68.0	0.011762327491157918	0.011579739943130928	1.160464346408844
68.0	0.012363922690538362	0.011635765180907089	1.1539250016212463
68.0	0.013066340877779104	0.011721005842327688	1.1491360664367676
68.5	0.013958558033345713	0.011965342177328479	1.1453059315681458
68.5	0.0150996342144686	0.012401115631762681	1.1436251997947693
68.5	0.016549977285016317	0.013037003605180624	1.1449887156486511
69.0	0.018349212915544203	0.01389633274038316	1.148945391178131
69.5	0.020548368698333954	0.015034110102175516	1.1560382843017578
68.5	0.02318723584777352	0.016560782279202834	1.1657816171646118
68.5	0.026249526179613365	0.01845083251800156	1.1765623092651367
68.5	0.02975217748422527	0.0207602561427048	1.1865437626838684
67.5	0.03361741597732419	0.023454394709663224	1.1925557255744934
68.0	0.03791916272442022	0.026562657223772455	1.197137176990509
67.0	0.04254445621293339	0.030060238333047235	1.20132178068161
67.0	0.04750972662687997	0.03402275726967149	1.2058628797531128
65.5	0.052905967940331554	0.038370106526480194	1.213381826877594
65.5	0.05574568403145882	0.04071907430924177	1.2179735898971558
65.0	0.05865301254457049	0.04318955545457046	1.2217770218849182
64.5	0.061653901367897876	0.04575642653111759	1.2243179082870483
64.0	0.0647498813870944	0.04846770465652605	1.2264981269836426
64.0	0.06790498445260962	0.05128108806099002	1.227399230003357
64.0	0.07117585729217309	0.0541399373338341	1.228191614151001
63.5	0.07451210635597376	0.05714055589701022	1.228966772556305
64.0	0.0779369258726354	0.060219463478634876	1.230096459388733
63.0	0.08140861184172202	0.06345772709327359	1.230489432811737
63.5	0.08495869985067753	0.06675279700073078	1.2317652702331543
63.0	0.08858802239582868	0.06998461591779032	1.2333378195762634
63.0	0.09040605026680248	0.07166285495438855	1.2338595390319824
62.5	0.09221322613886712	0.07338799734930392	1.2340452075004578
63.0	0.0940274967694957	0.07514478320637559	1.2343416213989258
62.5	0.09587440628473523	0.07688931580713292	1.2348728775978088
62.5	0.09774701125405141	0.07863083999831699	1.2352626323699951
62.5	0.09962193562218945	0.08037574144509757	1.2354885339736938
62.5	0.1015252372645948	0.08214761017270036	1.2358014583587646
62.5	0.10341661444900345	0.0839369482634837	1.2361153364181519
62.5	0.10532334471041428	0.08576505055990137	1.2362573742866516
62.5	0.10723794658646016	0.0876177216805776	1.2365291714668274
62.5	0.10916072817596695	0.08948688108662099	1.2370203733444214
63.0	0.11013434983347281	0.09041341160680844	1.2372598052024841
62.5	0.1111097457327072	0.09133725636564699	1.2374370098114014
62.5	0.11208250388922812	0.09225413075640712	1.2376104593276978
62.5	0.11306185342953244	0.09318600024663336	1.2379185557365417
62.5	0.1140403247677264	0.09410713075161921	1.2382586002349854
62.5	0.11501744004300589	0.09505432660498475	1.238507330417633
62.5	0.11599162284138302	0.09601262311756995	1.2387977242469788
62.5	0.11697195400404194	0.09697439115665696	1.2391096353530884
62.0	0.11794811913651715	0.09793039239407988	1.2392886281013489
62.0	0.11892269749347371	0.09886357943078602	1.2394044995307922
62.5	0.1199033950762694	0.09980489811595554	1.2396523356437683
62.0	0.12038999788430575	0.10027164950945042	1.2397528886795044
62.5	0.12088134217663471	0.10074200265399469	1.2398608922958374
62.5	0.12137104256480837	0.10121688124708066	1.2399760484695435
62.5	0.1218629322160443	0.10169141608020961	1.2400404214859009
62.5	0.1223475988851961	0.10216159275902659	1.2401037216186523
62.0	0.12283481544465101	0.10263339492432208	1.2401354908943176
62.5	0.12332699723295863	0.10311355974991682	1.240246295928955
62.5	0.123816227577989	0.10359576544191103	1.2403285503387451
62.0	0.12430328471120668	0.10407496588186925	1.2403805255889893
62.5	0.12479236719939112	0.10454968499254047	1.2404508590698242
62.0	0.1252777876515578	0.10503179176826467	1.24052232503891
62.5	0.12551896027613602	0.10526697994569946	1.240566372871399
