acc	dc0_val	dc1_val	loss
50.0	0.16921700040400128	0.19779262924074817	1.3886275887489319
50.0	0.08925307890303863	0.10466632868813341	1.3884065747261047
50.0	0.06065113258394247	0.07354212658021425	1.387796401977539
50.0	0.04790504179424222	0.057176515999453816	1.3872960805892944
50.0	0.04043190468477683	0.04706700171711487	1.3865970969200134
50.0	0.034619343065038756	0.04041113616001693	1.3860002160072327
50.0	0.030049864691489313	0.03506832031508047	1.3849619626998901
50.0	0.027408169778410554	0.03200497979666038	1.3838151693344116
50.0	0.025714103945734552	0.029758941982951353	1.3827031254768372
50.0	0.02403263183636952	0.02755822426321692	1.381502628326416
50.0	0.022466903536368814	0.02555462671015192	1.380240261554718
50.0	0.0210115233084155	0.02366515555751366	1.378768503665924
50.0	0.019801021699459846	0.02214896362652773	1.377082109451294
50.0	0.018745661070689677	0.020866918914068458	1.3751627802848816
50.0	0.017750845414293163	0.01963849247501641	1.3727898001670837
50.0	0.01701906742949037	0.01886502935936982	1.3701753616333008
50.0	0.01646481644083834	0.018381263592110404	1.3673492074012756
50.0	0.01596018738913782	0.01791844170435444	1.364241361618042
50.5	0.015563616056992385	0.017542297775976292	1.3604881167411804
50.5	0.015378218535143066	0.017368633605559788	1.3563695549964905
51.5	0.01535189886237388	0.017459280284265084	1.3512027263641357
53.0	0.01537023435428055	0.01758854704449294	1.3469504117965698
53.5	0.015323341465255904	0.01758542985800575	1.34235417842865
54.0	0.015238791634217012	0.017473088474158845	1.3381189107894897
55.0	0.015305442313404468	0.017596172584644097	1.3335132598876953
56.0	0.015355173539379405	0.017675216916143238	1.3279955387115479
57.5	0.015310342407369455	0.017581983045107333	1.3220326900482178
58.5	0.0153416620085072	0.017614149008188064	1.3164376020431519
59.5	0.01541967387003547	0.01772923372768143	1.311169683933258
60.5	0.015452289479934716	0.017768144162139326	1.3059998154640198
61.0	0.015464120841896568	0.017738045147429545	1.300748348236084
61.5	0.015511847879959595	0.017718460347728334	1.2957985401153564
62.0	0.01564276119072407	0.017793452939842087	1.2917869091033936
62.5	0.015825636986160043	0.017918847171105437	1.2888126373291016
63.0	0.015954701072658995	0.01792958783007594	1.286507785320282
63.5	0.016090219348502164	0.017915434809450414	1.2849891185760498
63.5	0.016165182691327357	0.017762583567665982	1.2840116620063782
64.0	0.01619302660044471	0.01752876416040771	1.2839597463607788
64.0	0.016125359852266312	0.017138716145383454	1.2848151326179504
64.5	0.015934364220143705	0.01655751875042403	1.2865062355995178
64.5	0.01547214608027069	0.01556419415980119	1.2893730998039246
63.5	0.014893421256022967	0.014370487795101033	1.294827401638031
63.0	0.014305672342187228	0.01309888384537893	1.3026925921440125
63.5	0.013910259831793219	0.01206298132655066	1.303087055683136
64.0	0.013643788627544583	0.011124892422334857	1.3009318113327026
63.5	0.013487174275931069	0.010208421907574839	1.3017733693122864
63.5	0.013547326503475586	0.009475188486646	1.306309700012207
63.0	0.013970170748127236	0.009110753574705938	1.3127754926681519
63.5	0.014326652965862073	0.009098404045682854	1.313248872756958
63.5	0.014793448408324706	0.009180589083779635	1.314433217048645
63.0	0.015427961397189091	0.009391290319959805	1.3187069296836853
62.5	0.016205790578348013	0.009745995299237493	1.3211545944213867
63.0	0.017103087572522033	0.010236613234811428	1.3190998435020447
63.0	0.018163033034829405	0.010878426928804735	1.3162872195243835
62.5	0.01936827785773064	0.011658921836880323	1.3138458132743835
62.5	0.020703672844861784	0.012568672319977957	1.3119822144508362
63.0	0.022137252224916318	0.013592700791829828	1.3093977570533752
63.5	0.023666902277457033	0.014723500014978234	1.30623060464859
64.0	0.02531759502075084	0.015973961321847675	1.305062174797058
63.5	0.026205379157023888	0.016653175378821102	1.3058046102523804
63.5	0.0271034479456827	0.017348619167495045	1.306122601032257
63.5	0.028001269991092616	0.01804983058106492	1.3055009245872498
63.5	0.028899737535083868	0.01875566281164497	1.3040086030960083
64.0	0.029809977992272974	0.019476843841733916	1.3024909496307373
64.0	0.03076530946886619	0.0202344523503014	1.3015615940093994
63.5	0.03173006850910071	0.021000281363513354	1.3003872632980347
63.5	0.03270997572395037	0.02178391566274026	1.2996275424957275
63.0	0.03368689474929798	0.02256724202444296	1.298663318157196
63.5	0.034660296201248254	0.023354274701442135	1.2972830533981323
64.0	0.03564186482914012	0.024153747107582675	1.2963465452194214
63.5	0.03614396595791313	0.024562546132002316	1.296343207359314
64.0	0.03663845905676187	0.02496636790054333	1.296196162700653
64.0	0.037129930929698435	0.02537159383817041	1.2959932684898376
64.0	0.037631709242758854	0.025783832837939155	1.295960783958435
63.5	0.03813510106544592	0.026200643998195248	1.2960302829742432
64.0	0.03864718162155761	0.026623077908705103	1.2962716817855835
63.5	0.03915057664161876	0.02704015226289808	1.2964805364608765
63.5	0.039634948119075336	0.027443651819176608	1.295900285243988
64.0	0.040116129845693745	0.02784460811566168	1.2951764464378357
64.0	0.040601862853743766	0.028250821045123484	1.2946564555168152
64.0	0.041089099603305555	0.028656499570160598	1.2941230535507202
64.0	0.041334477763709306	0.028861189298532538	1.2939160466194153
64.5	0.041579799047176826	0.029069084636540232	1.2938032746315002
64.0	0.04182848634098498	0.029276697289540528	1.2937842011451721
64.0	0.04207033849966379	0.029479970931967178	1.293493390083313
64.0	0.042309603946736996	0.02967986486666995	1.2931809425354004
64.0	0.0425483660192935	0.029879668647893428	1.2929769158363342
64.0	0.04278592487620919	0.030078671026175445	1.2927762269973755
64.5	0.043020769428458935	0.03027738278397876	1.292560875415802
64.0	0.043253041651617294	0.03047439039879579	1.292210042476654
63.5	0.04348927632697712	0.030673195311081636	1.2919996976852417
64.5	0.043720182461221266	0.030868025487060115	1.2916749715805054
64.5	0.04383625802246761	0.030967645508552223	1.2915932536125183
64.5	0.0439518953449357	0.031067069633990713	1.2915241122245789
64.0	0.044066753312016246	0.031163325003038814	1.2914331555366516
64.0	0.04418424683353218	0.031262648508921055	1.291394293308258
64.0	0.04429847229493191	0.03136121497009361	1.2913419604301453
64.0	0.04441440171466321	0.03145814267951328	1.2913255095481873
64.0	0.04453120248913891	0.03155780403701477	1.2913632988929749
64.5	0.04464772772760615	0.03165659757786377	1.2913841605186462
