acc	dc0_val	dc1_val	loss
77.0	0.3568558491789245	0.37552664402608826	0.6921941637992859
50.0	0.31010643379515346	0.3254448581777028	0.6914836764335632
50.0	0.27610413446460275	0.28336329686502465	0.6906608939170837
50.0	0.252424634157876	0.2533378723293973	0.6896604895591736
50.0	0.23468873461596013	0.23295097440533055	0.6885049343109131
85.0	0.22133730394241038	0.21895428230271066	0.6874418258666992
92.0	0.21188874671399213	0.2086411949634476	0.6861575245857239
89.0	0.20480341513425762	0.20046376455859596	0.6849397420883179
91.0	0.19944277369022695	0.19397788752940018	0.683590829372406
93.0	0.19552792613949516	0.18882376111297428	0.6821688413619995
91.0	0.19267406885680705	0.18466414155326324	0.6806621551513672
88.0	0.1904387015998236	0.1811306950451963	0.679076075553894
87.0	0.1884601860442297	0.17827075256645836	0.6773413419723511
87.0	0.18643335410933834	0.17569751411402584	0.6755266189575195
89.0	0.1846014062588925	0.17351698616535724	0.6736006140708923
90.0	0.182995430491631	0.17169844653506233	0.6715853810310364
89.0	0.18163014556142473	0.17013069882462226	0.6694537997245789
88.0	0.18042588408733176	0.1687543932820475	0.6672459244728088
85.0	0.17934886088079302	0.16753054841942247	0.6648949980735779
85.0	0.178390841157194	0.16644731295787593	0.6624167561531067
85.0	0.1775509210914591	0.16549546960754308	0.6599562764167786
85.0	0.17681384076808748	0.1646745931069603	0.6571362614631653
85.0	0.17616930938079134	0.16395190683060978	0.6543397307395935
85.0	0.17559474573094302	0.16331586892056638	0.6513933539390564
85.0	0.17507432327306488	0.16275334354553408	0.6483076214790344
86.0	0.17459546256559444	0.16223608387901578	0.6450818181037903
87.0	0.17415610013209026	0.16177663293868944	0.6416789293289185
88.0	0.17375664702783325	0.1613601529443311	0.6381151080131531
89.0	0.17335965705393952	0.16098136205564592	0.634401261806488
89.0	0.17298090240325842	0.16062115362533375	0.6305336952209473
90.0	0.17261831047760562	0.1602981229832361	0.6265385150909424
91.0	0.1722675271400101	0.15998435472311018	0.6223626732826233
91.0	0.171947396539845	0.159696252633065	0.618037760257721
92.0	0.17165507048051634	0.15940784800526953	0.613592267036438
92.0	0.17138752840786697	0.15912482717381332	0.6089347004890442
92.0	0.17115843338993295	0.15884216253027034	0.6041117906570435
92.0	0.17096222266098085	0.15856147436358092	0.5991790294647217
92.0	0.17080261371747602	0.15829557846357936	0.5941178798675537
92.0	0.1706682557777444	0.15805645059418486	0.5889113545417786
92.0	0.17055580991437602	0.15784296251420243	0.5834952592849731
92.0	0.1704567324748597	0.15765657021640883	0.5779168605804443
92.0	0.1703741599610603	0.1574981705515727	0.572216808795929
92.0	0.17030007417434584	0.15735667375000578	0.566379189491272
92.0	0.17024602752730525	0.15724408260919864	0.5603955388069153
92.0	0.17020754530898824	0.15716125140527837	0.5542762875556946
92.0	0.1701892508857929	0.15710379316277812	0.5480210185050964
92.0	0.17017373470867736	0.15706434123448954	0.5416349172592163
92.0	0.17017191070754492	0.1570388418371253	0.5351136922836304
92.0	0.1701821343910603	0.15703435640834448	0.5284780859947205
92.0	0.17019327854813573	0.15703530615842923	0.5217248797416687
93.0	0.17022396373066487	0.1570509778364509	0.5148639678955078
93.0	0.17026268595227176	0.15707094271863528	0.5078976154327393
93.0	0.17031361371946455	0.1571022764031007	0.5008372068405151
93.0	0.17036428122001843	0.15714914369783628	0.49369698762893677
93.0	0.17042941315288734	0.15721319416196064	0.4864760637283325
93.0	0.17051243784022466	0.15727870420788045	0.47918009757995605
93.0	0.1706012859865409	0.15735866238940144	0.4718201458454132
93.0	0.17070169174099706	0.15745715801669097	0.4644175171852112
93.0	0.17081335187650096	0.15755830045058422	0.45698457956314087
93.0	0.17093214311368826	0.15767171659705878	0.44950348138809204
93.0	0.17106459231291293	0.15780301157277024	0.44200599193573
93.0	0.17120924241649074	0.15794285343608697	0.43451306223869324
93.0	0.17135270752373163	0.15809304893982137	0.4270136058330536
93.0	0.1715195999975665	0.15825187282739958	0.41952720284461975
93.0	0.17169340342493555	0.15843479768367555	0.4120648205280304
93.0	0.17187532633468752	0.15862135174862446	0.4046459496021271
93.0	0.17207718390509508	0.15882297218719257	0.39725789427757263
93.0	0.17228266725047087	0.15903094150462188	0.3899381756782532
93.0	0.17250274134461183	0.15926103529805258	0.382676362991333
93.0	0.17274029765610283	0.15949930327012862	0.3755025267601013
93.0	0.1729879843052365	0.15975229868789462	0.3683954179286957
93.0	0.17324946690773824	0.160019421639191	0.3613986372947693
93.0	0.17352319011495346	0.16030953519414148	0.35451316833496094
93.0	0.1738165122387444	0.1606033477470322	0.3477081060409546
93.0	0.17411864887681652	0.1609142673422087	0.34104427695274353
93.0	0.1744366529694729	0.16124233343932332	0.3345141112804413
93.0	0.174766526220947	0.1615812671773669	0.328085333108902
93.0	0.1751164481798963	0.16194128649905828	0.3218151330947876
93.0	0.17547654725726336	0.1623179948325876	0.315695196390152
93.0	0.17584989935106432	0.1627051617149516	0.3096780478954315
93.0	0.1762371755813155	0.16310990888813892	0.30384695529937744
93.0	0.17664538861845092	0.16353497188861774	0.2981618046760559
93.0	0.17706150552242572	0.16397303398714663	0.29259011149406433
93.0	0.1774996009623798	0.16442848724119394	0.2872374951839447
93.0	0.17794508724840052	0.16489696247742588	0.28196537494659424
93.0	0.1784145738466362	0.16538604670349263	0.2768968641757965
93.0	0.17889490663125665	0.16589455357432617	0.2719773054122925
93.0	0.17939323658947623	0.16641489095153872	0.2671743333339691
93.0	0.17990550052559495	0.16695522632373658	0.26259008049964905
93.0	0.18043669709145385	0.1675123337051332	0.2580854594707489
93.0	0.18098404412483998	0.16808839560412092	0.2537774443626404
93.0	0.18154936573310634	0.16868484642605125	0.24959251284599304
93.0	0.18212329894791984	0.16929323039423902	0.24555517733097076
93.0	0.18272015636066938	0.1699178826770921	0.24166743457317352
93.0	0.18332803221822888	0.170560202507333	0.23789487779140472
93.0	0.18395268604610354	0.1712168640211092	0.23428787291049957
93.0	0.18459278403952406	0.17189198323584862	0.2307598739862442
93.0	0.18524839367117035	0.17258594056740797	0.2274383008480072
93.0	0.18591472389701721	0.1732918604931354	0.22412090003490448
93.0	0.18660514022711977	0.17401613013246894	0.22110413014888763
