acc	dc0_val	dc1_val	loss
50.0	0.5550409861914399	0.5804020059015336	1.3715237379074097
50.0	0.5441238700760633	0.5891719581423949	1.3570427298545837
50.0	0.5285664472374333	0.5760485808067329	1.3393632769584656
50.0	0.5253342929287854	0.5495495370600578	1.3193888068199158
52.0	0.5161733492879841	0.524034916154172	1.2976075410842896
57.5	0.49906934712945783	0.49764775563016544	1.2738069891929626
60.0	0.48484840585652333	0.4699638349347919	1.2482086420059204
62.5	0.47665421542076786	0.4537058373326455	1.2212448120117188
65.0	0.4762230740285735	0.44375062206771543	1.1931107640266418
66.5	0.4769188355914983	0.43691878455613903	1.164675235748291
68.0	0.4764797354578506	0.4316937647424728	1.13612300157547
69.0	0.48176636185880534	0.4307359593602458	1.108223557472229
70.5	0.4710382896559203	0.42083318987598667	1.0815653800964355
71.5	0.45060443039321646	0.40416262828984895	1.057331919670105
72.0	0.42695068644639583	0.38343059757918113	1.0367159843444824
72.5	0.394441559859386	0.3564449536993858	1.0197554230690002
73.5	0.3572191307479643	0.3258347087117555	1.0068448781967163
73.5	0.31980438989661425	0.2938053103092218	0.9981966912746429
74.0	0.2835621381476957	0.2618450436901647	0.9931995868682861
75.0	0.24624960317259584	0.22945769741584066	0.992215633392334
75.0	0.21493523168262427	0.20116554394071548	0.994638055562973
76.0	0.18928064914651105	0.17723783626760298	0.9989479780197144
76.0	0.16975886363368	0.15764628329532812	1.0040947198867798
76.0	0.15348094424172418	0.14125518222978445	1.0097993910312653
76.0	0.14059300733640265	0.1279573097946159	1.0157924890518188
77.0	0.1306713337069874	0.11724366561689263	1.0218432247638702
77.0	0.12254071144025308	0.10825170602039476	1.0273292362689972
77.5	0.11576685352337554	0.10080094641920584	1.0315016508102417
77.5	0.1098923224985011	0.09445265175615779	1.0338519215583801
78.0	0.10486656432583491	0.089211185843901	1.0331912636756897
78.0	0.10051235978058978	0.08465980018979567	1.030846744775772
78.0	0.09845989382486581	0.08253345740990613	1.0287198722362518
78.5	0.09651221966285448	0.08049114226694452	1.0258895456790924
78.0	0.09464623690964327	0.07851851912092572	1.0222235321998596
78.5	0.09280856573450451	0.07659722055349248	1.0179132223129272
78.5	0.09107534287471229	0.07477483009196755	1.0130386650562286
78.5	0.08945034824544623	0.07307814871326664	1.0076348781585693
78.5	0.08788145047753847	0.0714476555636478	1.0017994344234467
78.5	0.08640385857036123	0.06990592762191422	0.9955378770828247
78.5	0.0849683335394607	0.0684430195510663	0.9890369772911072
78.5	0.08359363467816244	0.06703264723174743	0.9821389019489288
78.5	0.08231541948001807	0.06573811881469778	0.9747752845287323
78.5	0.08106210912572477	0.0644690662277623	0.9674537777900696
79.0	0.07985158635448669	0.06325770642228568	0.9599734544754028
79.0	0.07869303917689266	0.06210021139166006	0.9522744119167328
78.5	0.0775642311769565	0.06097667651406129	0.9444566667079926
79.0	0.07647550680470898	0.059907975881367787	0.9366332292556763
79.0	0.07541259939453093	0.05886708086460581	0.9287797510623932
79.0	0.07436465462416954	0.0578389867509216	0.920861691236496
79.0	0.07335802787139226	0.05686073409538763	0.9129319787025452
79.5	0.07232978425438776	0.05586897552595634	0.9052066504955292
79.5	0.0713278240572762	0.054910656443708274	0.8975059986114502
79.5	0.07038136710329582	0.054002608718292794	0.8895144462585449
80.0	0.06941147847437112	0.05307778462803183	0.8817278146743774
80.0	0.06847103743997328	0.05217768201125222	0.8739905953407288
80.0	0.0675387485632273	0.05129983329359522	0.866260826587677
80.0	0.06665923331416367	0.050476317860844166	0.8582973480224609
80.0	0.06584633036246272	0.0497200319786534	0.8498883843421936
80.0	0.06507100953630848	0.04899778115442867	0.8413910567760468
80.5	0.0642706455241079	0.04825768168975032	0.8330783843994141
80.5	0.0634928976063724	0.04752524141005236	0.8248372972011566
80.5	0.06273013656085971	0.04682026648479012	0.816726952791214
80.5	0.06201898935874188	0.04616217121695131	0.808120995759964
80.5	0.06132578424656744	0.04552898522561902	0.8002107739448547
80.5	0.06067742329150684	0.0449367584007881	0.7919501662254333
81.0	0.06005833544270621	0.044373259791837635	0.7831896543502808
81.0	0.05945278270956709	0.04382374620338448	0.7742266952991486
81.5	0.05886409484616743	0.04329813150906863	0.76514533162117
81.5	0.058278847308331404	0.04277678560051986	0.756080150604248
81.5	0.05772048142486403	0.042275932423334495	0.7466318011283875
82.0	0.05719380738962662	0.04181086035752381	0.7369643449783325
82.0	0.056669170683889374	0.04134842343206927	0.7276776432991028
82.0	0.056164879184260184	0.040902147531558644	0.7180388867855072
82.0	0.05569924498589434	0.040495227711650525	0.7071697115898132
82.5	0.05523928627491001	0.04008481177870319	0.6984007954597473
82.5	0.05482018726830638	0.039703995214538004	0.6890527009963989
83.0	0.05444664888709224	0.03936627890667314	0.6788933873176575
83.0	0.054066251772702634	0.03903788475303165	0.6686674356460571
83.5	0.053640194343386315	0.038697393330634614	0.6581421196460724
84.0	0.053139336947280534	0.0383123575185714	0.6479920148849487
84.5	0.052632309943959225	0.037900482843015275	0.6379270255565643
84.5	0.05212843894453288	0.03746276761119035	0.6282511651515961
85.0	0.051666366519793866	0.03705436414589435	0.6181460022926331
85.0	0.0512047673849472	0.03665350686846442	0.6081240475177765
85.5	0.050763347699230646	0.03627128839907542	0.5981987416744232
85.5	0.05034760049028692	0.03591765519764646	0.5883322954177856
86.0	0.04994489999631096	0.03557901147330924	0.5784100294113159
86.0	0.04956554027985731	0.0352638117768894	0.5687451064586639
87.0	0.049208948821819386	0.034963410274356614	0.5590381920337677
87.0	0.04884116412373059	0.03465657191003034	0.5495782494544983
87.0	0.04851219788420211	0.034380991785486356	0.5401228368282318
87.5	0.04817918754110797	0.03409876926946205	0.5311848223209381
87.5	0.04785331892880271	0.03382695939708598	0.5226154327392578
88.0	0.04755949406803438	0.033583587908825235	0.5139272511005402
88.5	0.04727131379321194	0.03334952316410753	0.5054306089878082
88.0	0.046987610935177865	0.0331234926362787	0.4971861392259598
88.5	0.046740275728517855	0.03293273757385349	0.4888787865638733
88.5	0.046516560470047326	0.032765685843096894	0.48057398200035095
89.0	0.04631375964427913	0.032607780252484106	0.4725380837917328
89.0	0.04612023655997761	0.032462715038581225	0.4645808935165405
