acc	dc0_val	dc1_val	loss
50.0	0.16202426933373223	0.16408372616315844	1.3845049142837524
50.0	0.04784284111525974	0.046287785374250684	1.3847907185554504
50.0	0.017863772293459285	0.014249562030742072	1.3843120336532593
50.0	0.008152458318278774	0.004552867431798773	1.3813783526420593
50.0	0.004236345000117218	0.0013141019544912667	1.3762644529342651
50.0	0.002568800882098073	0.00015225743758631074	1.369698166847229
50.0	0.0014156627398068426	0.00023893194934722437	1.362355649471283
50.0	0.0009754166109573864	-0.0003790128557114895	1.3527981638908386
50.0	0.0011116787133069951	-0.000717095098089898	1.3415990471839905
50.0	0.0007499639261341771	-0.0003300631612050995	1.3304744958877563
50.0	0.0029071825397527624	0.0008778024348554503	1.3189717531204224
50.0	0.0011886178281748352	-5.518717261463644e-05	1.303043782711029
50.0	0.0027399928641180615	0.0006030022573753999	1.2881339192390442
52.5	0.0014016427964494722	1.4464856166405303e-06	1.2697957158088684
63.0	0.0012212843374902853	1.5695419673188936e-05	1.2520407438278198
67.0	0.00053691568959335	-0.000470758608545761	1.2337932586669922
69.5	0.000517207105514144	-0.0006245631906952134	1.2161166667938232
71.0	0.0005722566252868323	-0.0007024590855243536	1.1982219219207764
73.0	0.00047981083288003653	-0.0006018544126318913	1.1813824772834778
74.0	0.00047940933164759413	-0.000648103216252901	1.1637943387031555
74.5	0.0004963143952871325	-0.0002968125217246362	1.1488204598426819
75.0	0.0009332901395645455	2.6791493274225395e-05	1.134179949760437
75.5	0.00044360677491987315	-0.00047724659258344685	1.1139017343521118
76.0	0.0011954519408584044	9.788104499272716e-05	1.1025934219360352
75.5	0.0006357892593199372	-0.0002903410999687173	1.0855708122253418
75.5	0.0005025019582346076	-0.0005627741314842674	1.0699172616004944
76.0	0.0006448854815262232	-0.0007223029383047389	1.0551095008850098
76.5	0.001015339249556065	-0.00013674055702950338	1.0487619638442993
77.0	0.0006165916289432187	-0.0006020419285197275	1.0331563353538513
77.0	0.0007076841432593772	-0.0006178146280625864	1.0246850848197937
77.0	0.0007532485479706979	-0.0006776864478393569	1.0175656080245972
77.0	0.0008168697061966257	-0.0005574257680425466	1.0134420990943909
77.0	0.0007375745195682882	-0.0006188685046396597	1.0077601969242096
77.5	0.000739695074798723	-0.0006787450726350889	1.002322942018509
78.0	0.001007497403716443	-0.0005712994077566413	0.9960517287254333
78.0	0.0009292794158967122	-0.0007276048144559286	0.9901694059371948
78.5	0.0009415983883214392	-0.0007597089297189176	0.9839260876178741
78.5	0.001221508900268131	-0.0008435926833010348	0.9762769043445587
79.0	0.001086741426922608	-0.0007973296549050434	0.9703065454959869
79.0	0.001186622170602241	-0.0008323789767059709	0.9647232890129089
79.5	0.0012391078886387949	-0.0004608476836892644	0.9566389620304108
79.5	0.0010310578253754348	-0.0006005110390424395	0.9512054920196533
79.5	0.0009105619370755022	-0.0007061128271908842	0.9453847706317902
80.0	0.0019071613195963636	-0.00020896495732982353	0.940497100353241
79.5	0.0012320906077550827	-0.00046772121603563837	0.9334441125392914
80.0	0.0012423312009633587	-0.0005154218013047753	0.9277671575546265
80.0	0.0010325054784845113	-0.0007279837173658813	0.9149810075759888
80.5	0.00113634349181189	-0.0008249628944796404	0.9006168842315674
80.0	0.0012479470920481964	-0.0008484181381954213	0.8940373957157135
80.0	0.0014441514289537407	-0.0008674593704706987	0.88730189204216
80.5	0.0016166991853991874	-0.0008738014278124646	0.8784400820732117
80.5	0.001193953538634989	-0.0008367813615645981	0.8704271614551544
80.5	0.0010015924616319938	-0.0007767904558307419	0.8621128797531128
80.0	0.0010091736318120458	-0.000680355123552059	0.8520950078964233
80.5	0.0013581763811694745	-0.0005058176628604461	0.8474455773830414
80.5	0.0013885952087244555	-0.0005471188621611956	0.8412586450576782
80.0	0.0013128429956085308	-0.000668468346091949	0.8327949345111847
80.5	0.001262391079819359	-0.0007135460814834651	0.8279544711112976
80.0	0.0011888471474468447	-0.0007793207466614791	0.8217771947383881
80.5	0.0012369013746383732	-0.0008191124726405828	0.8154715597629547
80.5	0.0014231200247963244	-0.0004928796684410423	0.8079022765159607
80.0	0.001196297450893182	-0.0006203129096977749	0.8014761209487915
80.0	0.0012778415198610648	-0.0006220765947775808	0.7972250878810883
80.0	0.0016632481663590457	-0.0005805937885896858	0.7895647883415222
80.0	0.0016350202584558382	-0.0005561970159639643	0.7847376763820648
80.0	0.0013088542085892539	-0.0006895588927114187	0.7788276374340057
80.0	0.0011810034463128182	-0.0007761016702660302	0.7718536257743835
79.5	0.0012218826862608473	-0.0008229195367219665	0.7660369277000427
80.0	0.0015096677232712761	-0.0008512689798741257	0.7580393254756927
80.0	0.0016587486742174256	-0.0008528612040283065	0.7521598935127258
80.0	0.0017885527732428672	-0.0008507735311488543	0.7465922236442566
80.0	0.0021011782019401833	-0.0008386374150654181	0.7381763160228729
80.0	0.0023476401037462063	-0.0008214027715764737	0.7320629358291626
80.0	0.002409338062774889	-0.0008179701963178447	0.7265983521938324
80.0	0.0024778891733039012	-0.0008151544375041361	0.7192741334438324
80.0	0.002255620919206629	-0.0008316189570183814	0.7156872451305389
80.0	0.002374995804111778	-0.0008231475657243628	0.7090088725090027
80.0	0.0018277038330525987	-0.0008458303573776333	0.7047601044178009
80.0	0.0019302330282590814	-0.0008431633283719593	0.702215313911438
80.0	0.0016416753245939333	-0.0008460991913638834	0.6981206834316254
80.0	0.0016234066313714503	-0.0008475914540770603	0.6956371963024139
80.0	0.0017248000181098223	-0.000849573308959132	0.6919231414794922
80.5	0.0016750316133832053	-0.0008506979235304555	0.6883575022220612
80.0	0.0017310702233199991	-0.0008509471030612566	0.6837550401687622
80.0	0.0017919900686470564	-0.0008511857470565559	0.6779429912567139
80.5	0.0014942120283277288	-0.000847982617685995	0.6750341355800629
80.5	0.0015910271130282643	-0.0008523162462118007	0.6714667081832886
80.5	0.0015501766749162972	-0.000851603826761148	0.6679534018039703
80.5	0.0015861661091211552	-0.0008539381837189087	0.6640357077121735
80.5	0.0013800965304224336	-0.0008445533610367375	0.6619639098644257
80.5	0.0015221967773355876	-0.0008571505161329276	0.657901406288147
80.5	0.001537754686984663	-0.0008603072577596716	0.6551547348499298
80.5	0.0014649163198581995	-0.0008554081323296926	0.6529743671417236
81.0	0.0015790121930608528	-0.0008625225453956137	0.6490994095802307
81.0	0.0011514211880810296	-0.0007544368762239706	0.6493094265460968
81.0	0.0011521048607139065	-0.0007678835279566174	0.6452727317810059
81.5	0.0012727475493581404	-0.0008218562028053279	0.641389012336731
81.5	0.0013625903685055769	-0.0008437675950588279	0.6367223858833313
81.5	0.001272500602833248	-0.0008124266141945626	0.6368639171123505
81.0	0.0013115345782736705	-0.0008259059490979328	0.6350282430648804
