acc	dc0_val	dc1_val	loss
50.0	0.13154322311470565	0.1523172919578361	1.3875845074653625
50.0	0.037914615903142976	0.03857920350650699	1.3859298825263977
50.0	0.016359979214082044	0.01363813621752362	1.3840972185134888
50.0	0.008672232382779916	0.005558458974214966	1.3824278712272644
50.0	0.005323542408103155	0.0022061626389000954	1.3800424933433533
50.0	0.0034811566514039516	0.0009180849154309097	1.3769643902778625
50.0	0.0022042524296498	0.00042725136667341377	1.3732101917266846
50.0	0.001491647285096215	-0.00015801086908576504	1.3680519461631775
50.0	0.0012566576173466744	-0.0004258434387109744	1.3619229197502136
50.0	0.0010682592424098938	-0.0004789028067341784	1.3548815250396729
50.0	0.0011651901683297642	-0.0006365143618239553	1.347072720527649
50.0	0.0010063719291286926	-0.0006761100338933557	1.339210867881775
50.0	0.0008810687589047733	-0.0006876074212143321	1.3308493494987488
50.0	0.0006563477872977949	-0.00047470444763108845	1.322026789188385
50.5	0.0005753683257614251	-0.00035381406002586924	1.313144028186798
53.0	0.0005277438846813872	-0.0005141318956223315	1.3027732968330383
55.0	0.0005254248598691523	-0.0006861998191613927	1.2911251187324524
57.0	0.0006744268893262667	-0.0008244014458203063	1.2786168456077576
59.0	0.0007755564023604276	-0.0008645089846861827	1.2657410502433777
60.5	0.0005685927370876193	-0.0008545119862425068	1.252509355545044
62.0	0.0006182646103576182	-0.0008694735787179163	1.2386759519577026
63.0	0.000666868086185682	-0.0008806248165846354	1.2237825393676758
64.5	0.0001376085987221241	-0.0007529430264743137	1.21071195602417
65.5	0.00039014056396784543	-0.0008471829408236938	1.1949145197868347
66.0	0.00011996458044290624	-0.0007290128844522591	1.1815206408500671
67.0	0.00016523221574746416	-0.0007592707784868832	1.1662240028381348
67.0	0.00040509127641261226	-0.0008423187978525383	1.1497777700424194
68.0	0.0006457223767213257	-0.0008686550765318799	1.1337774991989136
68.5	0.00034824106530241344	-0.0008201559000458141	1.1204039454460144
68.5	0.00042019864216625056	-0.0008362714561794715	1.1057810187339783
69.0	0.00014205546946376624	-0.0007774045315892354	1.0935347080230713
69.5	6.544567490058984e-05	-0.0007539071622307409	1.0812454223632812
69.5	-0.00018156881254473007	-0.0006300069512784728	1.071142852306366
70.0	1.5723608453481902e-05	-0.0007251862042239833	1.0596660375595093
70.5	0.00023119826933579784	-0.0007858640138656682	1.0490950345993042
71.0	0.0004212539192641834	-0.0008187749156122727	1.0396165251731873
71.5	0.0005192995396758101	-0.0008302172775963659	1.0310651063919067
71.5	0.00010881154704499504	-0.0007320444942530373	1.0226906538009644
72.0	-0.0002464660248073647	-0.000564510469824122	1.017311930656433
72.0	-0.0003142905941671681	-0.0005179465709849018	1.0116253793239594
72.5	0.00011216998558876837	-0.0007421200236580413	1.0018928349018097
73.0	0.0003789386829480194	-0.0008050108141539993	0.9955415725708008
72.5	0.0002399758775909864	-0.0007718704424564198	0.9854568541049957
73.0	0.0004951754857413494	-0.0008111893681355851	0.9798193573951721
73.5	-0.00025846186572165016	-0.0005559832421210143	0.9768149852752686
73.5	-6.82668513384048e-05	-0.0006537702069412009	0.9700584411621094
73.5	0.00028343384533635293	-0.0007694311223424229	0.9624373018741608
73.5	0.0006639121983472797	-0.000819318589754058	0.9508064985275269
74.0	0.0005307544649153892	-0.0008034161031011998	0.9435755908489227
74.0	0.0008207246704008031	-0.0008168586966163418	0.93647101521492
74.5	0.0005646673150872784	-0.0007975977984951064	0.9294410347938538
74.5	0.0005729887388775456	-0.0007926384239216985	0.9223767518997192
74.5	0.0010622965160910708	-0.0008025075518342361	0.9112159311771393
74.5	0.0010367042659730264	-0.000810613106534486	0.9039613306522369
74.5	0.0011587660692769534	-0.0007948843050763409	0.8973516821861267
75.0	0.0012379203122219965	-0.0007951798597626169	0.8912085592746735
75.0	0.0007163911003019862	-0.0008003486319064883	0.886183500289917
75.0	0.0006475728308913095	-0.0007960801569565293	0.8795935213565826
75.0	0.0008247653933925644	-0.0008031788543189661	0.8727557957172394
75.0	0.0010370373026365087	-0.000805414540644832	0.8658404350280762
75.0	0.0012083227167559534	-0.0007998617489998803	0.8581534624099731
75.0	0.001137512030752689	-0.0008015400117422285	0.8509477972984314
75.5	0.0013549886046566582	-0.0007943326679750712	0.8440384268760681
75.5	0.0016937783066352347	-0.0007643326420956505	0.8342620432376862
75.5	0.0016815079903670371	-0.0007781140816699081	0.8274296820163727
75.5	0.00021774911487482948	-0.0007034266539300381	0.8230814933776855
75.5	0.000506988850393938	-0.000764161499136207	0.8158798813819885
75.5	0.0006306608779319057	-0.0007830448924566313	0.8123488128185272
75.5	0.0007509565683856857	-0.0007862950857625195	0.8067531585693359
75.5	0.0011318367032564548	-0.0007906517710936483	0.7995270490646362
75.5	0.001328094536381069	-0.0007822228306864717	0.7952413260936737
75.5	0.0013076875237706092	-0.0007852838339380395	0.791305810213089
75.5	0.0012936361256407985	-0.000791740963386697	0.7870872914791107
76.0	0.0013379943622220073	-0.0007794569160205115	0.7797012329101562
76.0	0.0009055739284816036	-0.0007845666713058781	0.7752500772476196
76.0	0.000936664033517585	-0.0007830535897394438	0.7715659439563751
76.0	0.000546605833228121	-0.0007581351470332012	0.7696637511253357
76.0	0.00038829389279988286	-0.0007133273797073999	0.7665449976921082
76.0	0.0005425888860718244	-0.0007429332431510597	0.7615185976028442
76.5	0.0002094217707499787	-0.0006221356035963365	0.7603218853473663
76.5	0.00023822539262445682	-0.000658585330846682	0.7564352452754974
76.5	0.00030244740236801495	-0.0006933637430612726	0.7498436570167542
76.5	0.00042457603881844853	-0.0007252686035311473	0.745777040719986
76.5	0.000674769787142774	-0.000774375212692617	0.7407242655754089
76.5	0.0003782370497573828	-0.000717012639582527	0.7371269762516022
77.0	0.0002259281189175348	-0.0005534809138553786	0.7352109849452972
77.0	0.0002837154666178246	-0.0005494864556997838	0.7313465178012848
77.0	0.0003094882379693954	-0.0005481948926230716	0.727946549654007
77.5	0.0002915137251931665	-0.0005319145911548029	0.7250555157661438
77.0	0.00035253234638744067	-0.0006628281474405847	0.7196332812309265
77.5	0.0005019281524962964	-0.0007426954511444566	0.7124926447868347
77.5	0.0007516991322284775	-0.0008005776670574012	0.705025851726532
78.0	0.0008414290994696626	-0.0008148765106645039	0.6998985111713409
77.5	0.0010644250330375015	-0.0008277151615941836	0.695517897605896
78.0	0.0012551669711938717	-0.0008292136971408494	0.6913430988788605
78.0	0.0007269931988442645	-0.000796111345039737	0.69098100066185
78.0	0.0007319189501830865	-0.0007201623432126403	0.6920217275619507
78.0	0.0006900706112014101	-0.0007402677599198992	0.6904517114162445
78.5	0.0006753719284790373	-0.0007179644217748649	0.6888815462589264
78.5	0.000697535795644802	-0.0007718874987794359	0.6846955120563507
