acc	dc0_val	dc1_val	loss
49.7	0.023334423271626523	0.027563242310189005	6.926990509033203
49.7	0.008005671240183245	0.011228254689903619	6.9108076095581055
49.9	0.00409189805009286	0.005587998264368934	6.883238613605499
59.8	0.0022247735252773015	0.002805193446085776	6.836007535457611
66.6	0.0014197951260918058	0.0015501171558932306	6.7639928460121155
66.8	0.0011972372654203962	0.0009877179777405894	6.6527891755104065
67.1	0.0012645289774881768	0.0006926670489262439	6.505199074745178
67.8	0.0017825730063376435	0.0006400768885412482	6.2813122272491455
67.7	0.0028460820119463924	0.0007856620825982486	6.053547263145447
68.2	0.004942500940850595	0.0015242873130624911	5.879585027694702
68.2	0.009309153723202212	0.0037599393257544884	5.828393995761871
68.6	0.017288391175626496	0.008925775847548225	5.8888572454452515
67.9	0.029570708172582675	0.01839285729675905	6.0034878849983215
65.7	0.04673994845275106	0.03314438372753121	6.1384366154670715
64.0	0.06599352117600417	0.050953736341242825	6.261718332767487
62.6	0.08596892691597167	0.06983773776961902	6.285494267940521
61.7	0.1090657297350688	0.09222529675099589	6.327186942100525
60.4	0.13680313436807637	0.11974182554208973	6.3833282589912415
60.2	0.1667719494394966	0.1511096328139399	6.425275981426239
59.9	0.198869567152228	0.1849940678833365	6.4406076073646545
58.3	0.23476769958291635	0.22363581202382785	6.507953345775604
57.5	0.2684625152603385	0.2606412946766895	6.580866038799286
57.9	0.2853305876385249	0.2796260400507805	6.593592345714569
57.5	0.3017724732838118	0.2974134684215016	6.597837150096893
57.4	0.3172906106777623	0.31455730802941245	6.624166369438171
57.5	0.3311444736365004	0.33030100943546614	6.682866215705872
56.9	0.3467656891540078	0.3472365837686374	6.677448332309723
56.7	0.3597365595820515	0.3616307394322228	6.727814435958862
57.3	0.3721480344633247	0.3754178683498021	6.736815452575684
57.5	0.38383028185844564	0.38846048009758294	6.798187971115112
57.2	0.39483535655050694	0.400506858576135	6.831435322761536
57.0	0.4064522319323219	0.41306960545070187	6.8417550921440125
56.9	0.4158499577527763	0.42383577118822324	6.912254154682159
56.7	0.42026415891029817	0.4284616519831081	6.89338344335556
56.9	0.4250703864304075	0.4339259953336742	6.935612738132477
56.6	0.4293611642513945	0.4385415193301269	6.93512350320816
56.9	0.43355958176223586	0.44329462808179015	6.965528190135956
56.7	0.4376063533641914	0.4475369568960214	6.963872075080872
56.3	0.4408741511587379	0.45124997811801026	6.987045049667358
56.5	0.44431952694253446	0.4550705403531735	6.993855595588684
56.3	0.44799557151954655	0.4591303975355638	7.017402529716492
56.5	0.45220403551600274	0.46368909639107125	7.030669629573822
56.1	0.4551833629676867	0.46707382580499684	7.069217264652252
56.3	0.4581718290900011	0.47028512703946446	7.068997800350189
56.3	0.459980694687824	0.4722296854438726	7.071921944618225
55.7	0.46124715262254357	0.4737086661589227	7.092637479305267
55.8	0.46273519405169655	0.47535009461107663	7.097846567630768
55.9	0.4644054966455012	0.47722339852011897	7.122821390628815
55.9	0.46615417197257003	0.4790483609377881	7.116787135601044
55.8	0.4675219067366948	0.4805961939982837	7.128586292266846
55.6	0.4687589714259598	0.48201719644521496	7.149343967437744
55.7	0.47029688239268425	0.4836245733545706	7.141972303390503
55.9	0.4714469780158187	0.4849134475795321	7.154428064823151
55.7	0.47294261992658904	0.4865468973557407	7.163827657699585
55.6	0.47419558126476014	0.487975348830292	7.185577988624573
55.6	0.4748717249087754	0.48867036278010684	7.179658114910126
55.6	0.4756912821914569	0.4896026702231903	7.192638099193573
55.6	0.4762335882233847	0.49018617435787004	7.193972527980804
55.7	0.47689851596186034	0.49089818284867903	7.194204747676849
55.6	0.4775590883729732	0.49164141517353555	7.2028698325157166
55.7	0.4780809049934276	0.4922392575751209	7.212157309055328
55.6	0.4786891353446791	0.4929210956007678	7.2185171246528625
55.5	0.47933340584588546	0.49358784177236054	7.21653813123703
55.9	0.48003833781736305	0.4943555686205951	7.220446288585663
55.4	0.4805177059543815	0.49488256281335286	7.224979758262634
55.5	0.48124931325028875	0.49573709604715416	7.239301443099976
55.4	0.48155071261676274	0.4960344197238078	7.235060513019562
55.5	0.4818547341149532	0.49635517507247373	7.235351741313934
55.5	0.48208751428719715	0.49660276803274694	7.235993564128876
55.6	0.48233665796559	0.49688343776236055	7.240027546882629
55.3	0.48269486861671496	0.4972915423000003	7.246971368789673
55.4	0.48300602471938536	0.49763036110969994	7.248080611228943
55.5	0.4832301408220047	0.4978644572250175	7.2452937960624695
55.5	0.48357448282724197	0.4982339576551645	7.248209118843079
55.3	0.4838812714978874	0.4985835565259442	7.253310263156891
55.6	0.48419123646505385	0.49892838596550554	7.255015254020691
55.4	0.4844305168432175	0.4991882024348902	7.2577919363975525
55.3	0.4845980682857365	0.4993685687267312	7.2583853006362915
55.6	0.48472974057026263	0.4995060817244129	7.258071064949036
55.4	0.4848784709142962	0.4996792376438208	7.261155664920807
55.4	0.48502370541214174	0.4998368571829665	7.26115083694458
55.6	0.48518454972369396	0.5000222455896427	7.264125049114227
55.3	0.4853178934193779	0.5001631083225155	7.264188468456268
55.5	0.48541642103979554	0.5002693761919853	7.265044450759888
55.3	0.48559818780667346	0.5004652591116557	7.266782581806183
55.4	0.48575524830949657	0.5006310262269409	7.266567170619965
55.3	0.485863119742529	0.5007509463412452	7.267916679382324
55.4	0.48600768464391036	0.5009074162863172	7.267779111862183
55.5	0.48607868339830373	0.50098736392922	7.2683616280555725
55.3	0.4861772874390539	0.5010968493913547	7.270054221153259
55.4	0.48626213458010664	0.5011891987782136	7.270971238613129
55.2	0.48634478487602106	0.501281922992667	7.271948754787445
55.3	0.48645101210152436	0.501398991073023	7.273671090602875
55.4	0.4865594306020623	0.5015161522911529	7.273868143558502
55.3	0.4866382453783169	0.50160350714557	7.273913860321045
55.5	0.4867200937374676	0.5016931369563812	7.2748703956604
55.3	0.48679862497334325	0.5017755620186057	7.27548223733902
55.5	0.48688968305608765	0.5018804723424357	7.277705371379852
55.4	0.4869731555598848	0.5019729459285321	7.278030514717102
55.4	0.4870697652050998	0.5020705455290336	7.277862906455994
