acc	dc0_val	dc1_val	loss
49.9	0.16869769503056484	0.15119306217731335	6.854011595249176
90.7	0.1576045144796699	0.1402243534999362	6.729708909988403
89.0	0.15378592095111188	0.13755059859665267	6.5302945375442505
74.8	0.15302042313605557	0.13686494425761436	6.26439505815506
90.1	0.15406026066115963	0.13805461455842558	5.891412615776062
90.3	0.1563468676640773	0.1402939134888549	5.442248344421387
91.9	0.15889684425192235	0.1428591407594955	4.9054935574531555
92.1	0.16181638863435993	0.1455265332913345	4.2996766567230225
89.9	0.16548020800218127	0.14913995277464973	3.7520670890808105
91.6	0.17029710689839234	0.15397225267189846	3.1944944858551025
92.9	0.1760175755675381	0.15974398945359275	2.7229539155960083
93.3	0.18239656751178557	0.1663640883095502	2.3954254537820816
92.9	0.18909788453123005	0.17350524727658442	2.1419180780649185
93.3	0.19735861303063013	0.1822767937345287	1.9385029524564743
93.3	0.20585185416740143	0.1913328420532857	1.7959681898355484
93.1	0.21449906908973423	0.20058577603212738	1.7011404782533646
93.3	0.2238790093524816	0.2106092276130286	1.6447972655296326
93.2	0.2330309433731135	0.22038090103103114	1.5798786878585815
93.5	0.24210985346562616	0.23001497119266986	1.5130120739340782
93.7	0.2510367051352768	0.2395845678835006	1.4629682675004005
93.7	0.26005160057087895	0.2492050579760686	1.4407329559326172
92.7	0.26868061563009454	0.2583914464194945	1.5008246302604675
93.7	0.27564441350904334	0.2659353655904402	1.4006746038794518
92.8	0.28259715333830665	0.27342468085914956	1.564515620470047
93.3	0.28979671226817727	0.2811498102953159	1.4183708876371384
93.6	0.29673017845821276	0.28858154623800886	1.3669317215681076
93.5	0.3026656624088319	0.29493974062620376	1.3605822697281837
92.6	0.308016380921571	0.30060104963625	1.5892546027898788
93.2	0.3142023649466629	0.30729303538394875	1.3602607399225235
93.3	0.31977540572281615	0.31326945586311683	1.3854642435908318
93.4	0.32369689352147046	0.3173710321293426	1.4683595821261406
93.4	0.3284264395592337	0.3224691193112008	1.3606594279408455
93.6	0.3330339485844246	0.3274256720469247	1.324635922908783
93.8	0.33719927268873173	0.33173151270068496	1.3450412526726723
93.7	0.341499667266565	0.33624265052406144	1.3494832888245583
93.8	0.3456460520945223	0.340660998637272	1.31424580514431
93.8	0.34938140930219086	0.34459272720253536	1.3099747896194458
93.6	0.352988736726713	0.3482313508243991	1.3795141503214836
93.8	0.35667108182566676	0.3521885287663975	1.3169009014964104
93.8	0.36076126361701666	0.35658003449696685	1.306891418993473
93.8	0.363307365294928	0.35906258727664253	1.3267076089978218
93.9	0.36657567546192965	0.3626916048402246	1.306206576526165
94.0	0.36987584521847916	0.3659660219639543	1.3169078528881073
93.8	0.3735063159771065	0.3698389489539074	1.295034982264042
93.9	0.3756966019836142	0.3720452716024983	1.305097870528698
93.4	0.3788097060702593	0.3753830207129763	1.2917788922786713
93.6	0.38103074239328205	0.37745028161676764	1.35809925198555
93.7	0.38389302374717266	0.3806884941510421	1.2895903959870338
93.5	0.3860132284172931	0.3826184137668659	1.3627218082547188
93.5	0.3882673990194837	0.38526854574986114	1.2878513783216476
93.5	0.39059126814292994	0.38766423080763535	1.2878266349434853
94.1	0.39246138269906955	0.38948035706452117	1.3122381120920181
93.9	0.39485843969095774	0.39195084859565843	1.3139128759503365
93.7	0.3973851476652926	0.39468331201874823	1.2899426445364952
93.9	0.39856047691208984	0.3957397889537524	1.3372825384140015
93.5	0.4005355366296773	0.3982599855503975	1.3115760162472725
93.8	0.40165525993663687	0.39918406990191263	1.2874819859862328
94.1	0.4030907172287274	0.4005460472740165	1.3126117810606956
93.7	0.40485689062094055	0.40261673899867906	1.2824250385165215
93.7	0.40682256363441566	0.40477905450997903	1.2944548279047012
93.9	0.4078847057121657	0.4056156629611938	1.2971964627504349
94.0	0.40959738789724615	0.4074021736575715	1.293865218758583
93.6	0.41109161484503404	0.4091672271637281	1.283272035419941
93.9	0.41199676554486464	0.4097886318604331	1.3141661882400513
94.0	0.4136484952866257	0.4115243196377299	1.307760864496231
93.6	0.4152157513543915	0.41352265801951865	1.290406472980976
93.9	0.4154981996067187	0.41331829775568973	1.351709857583046
93.9	0.41674891837696565	0.41466281406539224	1.3365314044058323
93.5	0.41876315176957296	0.41723101814257035	1.2845752760767937
93.8	0.4192742892783574	0.41724154108450423	1.364881418645382
93.5	0.4206350946387112	0.4191412060167283	1.2797472029924393
93.8	0.4204763024766634	0.41864278139929445	1.3133486583828926
93.9	0.421667000003713	0.4201472959827767	1.2783048003911972
93.6	0.42172920499544647	0.4200428845916807	1.292138710618019
93.6	0.42212604981504864	0.42054798810794713	1.280768297612667
93.6	0.4223299749603714	0.42075159605840584	1.2804221138358116
94.0	0.4227248636933351	0.4210226669749158	1.2967234924435616
94.0	0.4232427920868281	0.4216254800309496	1.2851347252726555
93.9	0.4236164980742074	0.4220138634759421	1.2838842570781708
93.9	0.4239500492303881	0.42222660687316893	1.301960602402687
93.9	0.4244993041431625	0.42298096054599127	1.2782521769404411
94.0	0.4240665232423928	0.42222848717398737	1.3300733640789986
93.9	0.4250540424723032	0.42356409343973694	1.2774792984127998
93.6	0.424826790731149	0.4231616316276095	1.291219875216484
93.8	0.42542699218134733	0.42384045099254586	1.2831577584147453
93.5	0.42570546483634253	0.42404388226703155	1.293075941503048
93.6	0.42632963391351025	0.42481707202311236	1.2785639464855194
93.9	0.42628824794192355	0.4245678100774267	1.3072380051016808
93.7	0.42682536227596424	0.4252770414811691	1.2818427756428719
93.6	0.42719947072450637	0.42554450283015693	1.297489270567894
93.6	0.42761967279478047	0.42606490090329596	1.2840982675552368
93.7	0.4278126811960858	0.42627558457561554	1.2815658524632454
93.6	0.4279305853857642	0.4264143003450999	1.2797642648220062
94.0	0.4280197594065177	0.42632106330091646	1.3083826005458832
93.8	0.4284980638321534	0.4270213080603607	1.2781250849366188
93.8	0.4284157984845997	0.4268112399248266	1.2907907664775848
93.6	0.428546199103037	0.42693337507578766	1.2918196693062782
93.6	0.42868979480735475	0.42715102614577677	1.282590612769127
93.9	0.42876216032543046	0.42713906834464016	1.2931803837418556
93.6	0.42892036512537657	0.4273972359730877	1.2805158123373985
