acc	dc0_val	dc1_val	loss
50.0	0.12217103814320125	0.12862015765331852	1.3873043060302734
50.0	0.05541764422488743	0.05848411184228352	1.3866577744483948
50.0	0.037547168835131255	0.03875204363465593	1.3861300945281982
50.0	0.02985695333771206	0.02970881899051206	1.385848343372345
50.0	0.025319467317764487	0.02420677945330681	1.385516345500946
50.0	0.021580931246340935	0.020271709321648353	1.3850757479667664
50.0	0.018849940939629505	0.017183658971456232	1.3844488859176636
50.0	0.015464269062630305	0.013983893484846735	1.3838979601860046
50.0	0.013522743606294138	0.012203848402914346	1.3835088610649109
50.0	0.012221074745234822	0.011114054036140063	1.3829691410064697
50.0	0.011119576774247592	0.010169684029617009	1.3824042081832886
50.0	0.010266450978021093	0.00962600158505574	1.381570041179657
50.5	0.009551173424317046	0.009262502917690145	1.3808645009994507
52.5	0.00882085319452148	0.008823675595129903	1.3799224495887756
55.5	0.008117757616373322	0.008355369913569487	1.3789196014404297
59.0	0.007446005985778628	0.0079206617018372	1.3777762651443481
62.0	0.00683666928329781	0.007534072587744486	1.3764877915382385
63.5	0.0062950472969969746	0.007178361849744919	1.3750534057617188
64.5	0.0057830248093791	0.006878975644432864	1.3735042214393616
64.0	0.005369752167255804	0.0067803613418873105	1.3717932105064392
64.0	0.004953764608197069	0.006635433777763953	1.3698465824127197
64.5	0.004606624185375923	0.006510516110555451	1.36771160364151
64.5	0.0043519191139271525	0.006491615842554916	1.3653510212898254
64.0	0.004118681602560016	0.006467767944922772	1.3627814054489136
64.5	0.003866804181582983	0.006368612132930282	1.3598546385765076
65.0	0.0036880989910775858	0.0063667574068271985	1.3566492795944214
64.0	0.003623988104247749	0.006475571812665697	1.353184998035431
65.0	0.0036232037421290598	0.006598405924228402	1.349422037601471
65.0	0.00370589386132497	0.006814815239055995	1.3452814817428589
66.0	0.003855568426287195	0.00705997755995705	1.340822458267212
66.0	0.004077464388459098	0.0074072478175461415	1.3361150026321411
65.5	0.00431728028432007	0.00774748891054975	1.3309180736541748
65.5	0.004601244920622543	0.00811002796195892	1.325369954109192
65.5	0.004942234593064977	0.008558637775122845	1.3195891380310059
65.0	0.0053112130898487495	0.009004051596242848	1.313841164112091
64.5	0.0056990658601420675	0.009466720034229471	1.3078131675720215
65.0	0.006075124820817589	0.009895734164915064	1.3013629913330078
65.0	0.006451664622371183	0.010311218467556062	1.2948089241981506
65.5	0.006825345866002019	0.01070182777548075	1.2883974313735962
65.0	0.007185465247902539	0.011055505856382427	1.2822239398956299
65.5	0.007563733698132836	0.011417957334673687	1.2761210203170776
65.5	0.007926207985406717	0.0116988696368461	1.2702730298042297
66.0	0.00829204498273243	0.011951797546082854	1.2650781869888306
65.5	0.008654353745998787	0.01213991859201546	1.2602121829986572
66.0	0.009012451733835502	0.01226395526726956	1.2553436160087585
66.0	0.009405541861830855	0.012378073665395133	1.250746488571167
65.5	0.009824313015677542	0.012422224800712488	1.247229278087616
65.5	0.01029494217712806	0.01244684174862866	1.2448392510414124
65.5	0.010814850445147402	0.012428359938948724	1.2433052062988281
66.0	0.011381601956011803	0.012353119796320271	1.2418349981307983
65.5	0.012023160540914037	0.012248325034027431	1.2403267621994019
65.5	0.012771703667175139	0.012156658669741603	1.2375959753990173
65.5	0.01371592252251667	0.012181966667564695	1.2373299598693848
65.5	0.014900394725104045	0.012359029057175995	1.237733542919159
65.0	0.01636190244110121	0.012754039421509045	1.2423895597457886
64.5	0.018107500344153572	0.013398361942152034	1.2505567073822021
63.5	0.020180818579380057	0.01438130253264449	1.268611192703247
64.0	0.0225440001884068	0.01566996618124776	1.2742496132850647
62.5	0.025290628781990572	0.017371077485823467	1.2909544706344604
62.5	0.02834372154404679	0.019406777756361474	1.2981539964675903
63.5	0.031695933882318325	0.021784574511287645	1.2998272776603699
61.5	0.035401233584087866	0.024540594726034187	1.3168612122535706
61.0	0.03935469616665134	0.027595026843784624	1.3321507573127747
62.0	0.043538251762648784	0.0309435409353317	1.3281965255737305
62.0	0.04574544763528364	0.03274715396441584	1.3320711851119995
61.5	0.04803857459040081	0.03464091498018824	1.3364312052726746
61.5	0.0503940778087942	0.03660661427409544	1.3445802927017212
61.5	0.05278276266981617	0.03863369394427454	1.3427534103393555
61.5	0.05524821277729962	0.04074878570537375	1.3421240448951721
61.5	0.05777700572343945	0.04293418165327481	1.343844473361969
62.0	0.06035438637715964	0.04518757652697137	1.3473626375198364
61.5	0.06299248216124345	0.04751018724459493	1.357545018196106
61.0	0.06564797034299663	0.04988519036146522	1.3579663038253784
61.5	0.0683703100912916	0.052342018520788666	1.358741819858551
60.5	0.07114532049599723	0.054854208225261776	1.3631022572517395
60.5	0.07255790813611068	0.0561410132486813	1.3641831278800964
60.5	0.07398729730220963	0.057444444980128476	1.3661417365074158
61.0	0.07542530289273684	0.05875684878734452	1.3659712672233582
61.0	0.07687182318114774	0.06008133331718381	1.367004632949829
60.5	0.07833312110373038	0.06141573440159548	1.3690715432167053
61.0	0.07980517937041742	0.06277396024009166	1.368277132511139
61.0	0.0812869996859463	0.06414962263934476	1.367495596408844
61.0	0.08277744073543243	0.06553171876927967	1.370077908039093
61.0	0.0842872102946494	0.06693491303980467	1.3729340434074402
61.0	0.0858019517223142	0.06835323133944646	1.3746939301490784
61.0	0.08733481218364471	0.0697864155208931	1.378181517124176
61.0	0.08810459820216429	0.07050956449584549	1.379485547542572
61.0	0.08888007728936778	0.0712383922340858	1.3803582191467285
61.0	0.0896565814248137	0.0719696541749665	1.3811807036399841
61.0	0.09043367709226746	0.0727062409106663	1.3812398314476013
61.0	0.0912097745951392	0.07344278721105392	1.3815380930900574
60.5	0.09198606058811894	0.07417814264268278	1.3827320337295532
61.0	0.09275862340238948	0.07491179234828649	1.384822964668274
60.5	0.09353675851929633	0.07565023524170729	1.3865248560905457
60.5	0.09431482160425023	0.0763871465697718	1.3887921571731567
60.0	0.09509668656177522	0.07713401688012111	1.3897957801818848
60.5	0.09588047102315238	0.07788351214358849	1.3898985385894775
60.5	0.09627675916560889	0.07826153922936814	1.3900420665740967
60.0	0.0966677120310872	0.07863577458954817	1.3906192779541016
60.5	0.0970572485047169	0.07900838583113971	1.3908771276474
