acc	dc0_val	dc1_val	loss
49.9	0.19357842396986505	0.10648135008308839	6.9187082052230835
49.7	0.30656515660381367	0.10759595296736721	6.771949648857117
53.8	0.17339977254637584	0.0556662977594707	6.4659184217453
75.3	0.09309259536391831	0.027744041394314675	6.123233318328857
77.8	0.06593395735854761	0.020031263950700328	5.686642825603485
79.5	0.07234999842875876	0.01805036846014532	5.319922864437103
79.7	0.06459098010599337	0.015198348218978525	5.103373110294342
80.4	0.0701427923942553	0.01589912260685247	4.938831478357315
81.2	0.06270938645799241	0.012476431790943116	4.789120644330978
81.1	0.06361008764497242	0.012514581742692696	4.726655006408691
81.4	0.06444382367457085	0.011303077654685318	4.553643971681595
82.2	0.045728893630680424	0.004350122336772504	4.258375138044357
80.8	0.0839876384207293	0.012848114249797675	4.205641716718674
81.1	0.07447780291963536	0.013081627084733132	4.132134348154068
79.8	0.12788126741468805	0.0260789326335713	4.075298368930817
78.7	0.12264104001073535	0.026019430737643193	4.0632922649383545
80.2	0.07424134278800862	0.015345230771161282	3.8502568900585175
78.5	0.11586448687068289	0.02414994751166021	3.9028285443782806
80.8	0.053586133512120285	0.009025103177961335	3.571756511926651
78.3	0.11473025032430768	0.025144263290247104	3.93984118103981
79.2	0.06337373721670071	0.012281842316766467	3.577460378408432
78.6	0.085519735295135	0.017495464551569622	3.7696387469768524
80.7	0.06012663643272953	0.007453329942349942	3.243732750415802
79.4	0.0852349232355208	0.014361850563349253	3.5907337069511414
81.2	0.059168919491473966	0.008131255165504944	3.179115802049637
79.3	0.11441985862626051	0.019106034364799608	3.6104752719402313
80.1	0.06256079968022282	0.010812274239528871	3.456530809402466
79.7	0.0571453433227583	0.011490213717106358	3.682786375284195
81.2	0.05054560664006548	0.007935264389215723	3.2251816391944885
79.9	0.06983589453744164	0.012718825396094962	3.461724728345871
80.8	0.05127591680528002	0.008919312529818231	3.301448881626129
81.7	0.047822504885348525	0.006727818070285697	3.0699488073587418
81.7	0.04196418386637463	0.006314588577320632	3.056339383125305
81.8	0.06105195717469869	0.009094154920644488	3.2107124030590057
82.6	0.04638976564021511	0.005930950011035952	2.9756745398044586
80.8	0.07916802922360801	0.014433168387855048	3.4793325066566467
80.0	0.10338144503152306	0.01746481952400575	3.6177575290203094
79.8	0.09327216326286872	0.015493260718687219	3.419479161500931
81.2	0.04450324601033291	0.008504348173240259	3.395124524831772
81.4	0.05807118292258104	0.009310989461888245	3.1317804008722305
80.8	0.055513254938548875	0.010714564495115065	3.274771273136139
81.3	0.05628645422386205	0.009143618376253373	3.0139767229557037
81.4	0.04068187974798419	0.006912597671800377	2.900033086538315
81.2	0.0472280557646507	0.008218828231302726	2.9491726011037827
82.1	0.022762635152669335	0.003219191103590602	2.767199531197548
81.7	0.0400676469237881	0.006414692059412084	2.8220925629138947
81.6	0.037608627690252396	0.00608157449789624	2.7984429746866226
77.9	0.1341369013760501	0.02743385884101724	3.806877940893173
79.5	0.07684710802516734	0.012396368941506301	3.009305328130722
83.6	0.052588290224329565	0.008984050956894765	2.5689018219709396
83.6	0.04058724763159848	0.006510804605971324	2.6330349296331406
81.5	0.050670057599417465	0.007560952565827519	2.7849604785442352
83.7	0.05480789588228647	0.00961914498996564	2.6433325856924057
82.8	0.0459811414358914	0.00730227955599299	2.6489878594875336
83.5	0.021788178038695392	0.0027344396276392175	2.6133620589971542
84.2	0.008923032839975599	0.0006495177384357766	2.5965162813663483
83.4	0.05029946355147597	0.010687185584989002	2.589405804872513
82.8	0.03250473859320534	0.006399910101280021	2.656909480690956
83.7	0.027662436363704492	0.005298627423920641	2.5819990187883377
81.5	0.08502866545467111	0.017507472569395555	2.7260413467884064
82.3	0.05838504287928019	0.012071995263970889	2.736103042960167
82.7	0.06475561514277722	0.01275111394777778	2.65382744371891
83.7	0.04542805528869374	0.008996248367508087	2.587949648499489
82.6	0.0930229252381271	0.021035640808469792	2.757612958550453
83.1	0.04846295585829247	0.009627824981540809	2.6693185716867447
83.7	0.025242454970230383	0.003623668715375786	2.5622284561395645
84.2	0.027461138691932372	0.003414850927628775	2.54264734685421
82.5	0.04089096835393252	0.008248778633828717	2.679084360599518
82.5	0.053067720244776274	0.010015311461481841	2.6664677411317825
84.2	0.022444835538283286	0.002966035719131511	2.5633120983839035
83.0	0.04107230136773095	0.00668503456067143	2.641628712415695
83.7	0.07816622993258024	0.01632383606285098	2.5729587376117706
81.4	0.12997940851817763	0.029750302854415215	2.754380077123642
82.0	0.07809004291794684	0.016414613117698384	2.6979249119758606
82.7	0.0949789247740995	0.020373662696620897	2.7008530348539352
81.5	0.09160272537573236	0.019419900881372174	2.75793220102787
83.3	0.03803398841136178	0.007884523640805313	2.641452267765999
84.6	0.054348324342843056	0.010368197959983913	2.508362427353859
84.0	0.08380925950305933	0.019771125744723752	2.5736671686172485
84.6	0.04145310791192626	0.007299118392728339	2.5161063075065613
82.6	0.09162470761085967	0.01923574556365757	2.6314814388751984
84.3	0.024182297115851372	0.004705364283033435	2.5507064163684845
84.2	0.07043730976593196	0.01583517395806511	2.5464933812618256
82.5	0.06881771548788557	0.014982720779363315	2.6653943210840225
83.8	0.06302136785691899	0.014539644604046567	2.5794824063777924
84.7	0.05262669583794942	0.011370327284162447	2.502036690711975
84.3	0.08500420456356239	0.018776649139638342	2.518958732485771
82.9	0.07184725182080845	0.016070628749034907	2.6018535792827606
84.2	0.017889262465304416	0.0020635455667352685	2.559431865811348
84.1	0.08355692605610952	0.017800101429059738	2.595893457531929
82.2	0.10349472280911454	0.0257757797565147	2.7223281860351562
82.6	0.078775385253424	0.019444388020598107	2.654744639992714
82.8	0.07777018131125749	0.018236431857116226	2.6692115515470505
84.1	0.026211271682038014	0.004624196397704363	2.5815459638834
84.3	0.03144894957721197	0.005484812405095073	2.5229529589414597
83.9	0.036741812551883614	0.007885801834004606	2.5853735953569412
82.4	0.06501765080100114	0.015699203772800017	2.6770170480012894
84.0	0.044994250776908364	0.009866826248870475	2.5741866677999496
83.9	0.08102676170639181	0.01897895700229094	2.5807344019412994
82.6	0.12424165272529544	0.030562988155005334	2.662590816617012
