acc	dc0_val	dc1_val	loss
50.0	0.3572311743556401	0.41499013356673	0.6925877928733826
50.0	0.3086709568584628	0.3468272127850711	0.6918198466300964
85.0	0.26506878660671684	0.28721980185174034	0.6906219124794006
50.0	0.23346689563372555	0.24517892044692177	0.6896000504493713
50.0	0.2125609153115966	0.21790211023550246	0.6885279417037964
50.0	0.1984412167936695	0.1993334104357184	0.687364935874939
52.0	0.18846685048513012	0.18594887629214585	0.6860966682434082
66.0	0.1810542508520588	0.17613783869821764	0.6847366690635681
81.0	0.17545562543719928	0.16868703133917154	0.6832924485206604
91.0	0.17106443921082845	0.16283408074596406	0.6817895770072937
93.0	0.16744708307752637	0.1582285794440881	0.6802107691764832
93.0	0.1643846272978096	0.15453499410570792	0.678536593914032
92.0	0.16181053042581225	0.15161365708131372	0.6767534613609314
90.0	0.15971998609038274	0.1492714500033388	0.6748731136322021
87.0	0.15809108430133564	0.14743240967161772	0.6728983521461487
86.0	0.15685845804983203	0.14593074185901375	0.6708117723464966
87.0	0.15590083397247437	0.1446632679219893	0.6686030626296997
90.0	0.15504533130258474	0.143614937851845	0.6662811636924744
91.0	0.15433535415298458	0.14275668777800596	0.6638268232345581
92.0	0.15376645722942217	0.14195576913003172	0.6612536907196045
92.0	0.15328375434309569	0.14124493982963351	0.6585536003112793
92.0	0.1528430325429945	0.1406170471088238	0.6557199954986572
92.0	0.15245469996471706	0.1400559758541302	0.6527591347694397
92.0	0.15208453239474998	0.1395713543338412	0.6496642231941223
92.0	0.15175208722036146	0.13913301565634364	0.6464248895645142
92.0	0.1514589178447846	0.13875897021476197	0.6430333852767944
92.0	0.15120840205099917	0.13842908639678642	0.6394885778427124
92.0	0.1509839978969762	0.13813469385779778	0.6357892155647278
92.0	0.15079489555365508	0.13788618607037137	0.631931483745575
93.0	0.1506346768758803	0.13766275772760825	0.6279112696647644
92.0	0.15049874856937298	0.13746800894408673	0.6237283945083618
92.0	0.15039036307844234	0.13729529579591332	0.6193780303001404
93.0	0.15029413831804977	0.13715541374918036	0.6148502826690674
93.0	0.15023324072374244	0.1370459102208373	0.610071063041687
93.0	0.15018952618446263	0.13696263177915244	0.6051174402236938
93.0	0.15016890543193484	0.1368976577047467	0.5999624133110046
93.0	0.15016453954408707	0.13684819128439574	0.5946094989776611
93.0	0.15017701820876522	0.13682391816721784	0.5890729427337646
93.0	0.150201243576555	0.1368190089214515	0.5833469033241272
93.0	0.150227970242568	0.13682254135514807	0.577444314956665
93.0	0.15027431649267753	0.1368468812723883	0.5713611245155334
93.0	0.15033846106174067	0.1368876002134296	0.5651036500930786
93.0	0.15039744884504536	0.1369336078059176	0.5586667656898499
93.0	0.15047810328071215	0.13699674135554463	0.5520468950271606
93.0	0.15056375547514694	0.13705223662687255	0.5452551245689392
93.0	0.15066507999013667	0.1371377983809231	0.5382869839668274
93.0	0.15076377903349936	0.1372192251029549	0.5311571359634399
93.0	0.15088644587204508	0.1373192176321625	0.5238768458366394
93.0	0.15101614918926107	0.1374175637853608	0.5163902640342712
93.0	0.15115059990017987	0.13752732983016688	0.5087694525718689
93.0	0.15128885354088747	0.13765669389146656	0.5009927749633789
93.0	0.15143436949202807	0.13778722949341435	0.493059366941452
93.0	0.15159351785800418	0.13793464841110856	0.4850558042526245
93.0	0.15177006920127284	0.1380945347474357	0.476955771446228
93.0	0.15195444900687333	0.13826997734646998	0.4687765836715698
93.0	0.15214828895656884	0.1384529149920213	0.4605075418949127
93.0	0.15235299088403292	0.13865306847566936	0.45218080282211304
93.0	0.15256859358025113	0.138863654268005	0.44380611181259155
93.0	0.15279920481525222	0.1390932750691782	0.4353823959827423
93.0	0.15303890577797064	0.13933069018466238	0.4269508123397827
93.0	0.1532885109738809	0.13957644805720895	0.41851991415023804
93.0	0.15356047416893748	0.1398463218443747	0.4101084768772125
93.0	0.15383934240308234	0.14013380278279755	0.40173476934432983
93.0	0.15413767283744317	0.14042695687745338	0.39341291785240173
93.0	0.15445671203774305	0.14073869450176923	0.38514307141304016
93.0	0.154784027130725	0.14106510968583016	0.3769626021385193
93.0	0.15512703785185467	0.14141244829268593	0.36887961626052856
93.0	0.15549338977270272	0.14177533085035943	0.3608986437320709
93.0	0.15587261837819122	0.14215605065545447	0.3530389368534088
93.0	0.15626719336953757	0.14255295463251047	0.3453281819820404
93.0	0.1566882820429939	0.14297564151877434	0.33773380517959595
93.0	0.15712073797461146	0.14342075531979803	0.33032265305519104
93.0	0.15757323075619462	0.1438870946973947	0.3230549693107605
93.0	0.15805229658400696	0.14436854719569753	0.31597259640693665
93.0	0.15854618628239472	0.1448742495234441	0.30907249450683594
93.0	0.15906220837271248	0.14540229379340014	0.3022859990596771
93.0	0.15960271764776282	0.14595181173498473	0.29583656787872314
93.0	0.16016578645997112	0.14653826932044042	0.28934717178344727
93.0	0.1607443178239852	0.14712405333000605	0.2833356261253357
93.0	0.16135897356039916	0.14775623022579482	0.2772396206855774
93.0	0.16199421557040425	0.14840143185442328	0.2715698480606079
93.0	0.16265407485247277	0.14907477168644073	0.2659808397293091
93.0	0.1633291790599353	0.1497766228087303	0.260589599609375
93.0	0.16403421771366766	0.15050144142947874	0.2555331885814667
93.0	0.16476477546872326	0.15126037587429128	0.25041884183883667
93.0	0.16551066776555756	0.15202587939624912	0.24585290253162384
93.0	0.1663052193812772	0.15283939867189866	0.24104368686676025
93.0	0.167095286206519	0.15365697472108603	0.2368820607662201
93.0	0.1679289278634189	0.15452063209908762	0.23245704174041748
93.0	0.1687701630628228	0.15539000854795965	0.22854161262512207
93.0	0.1696436322078105	0.1562952580121756	0.22460965812206268
93.0	0.1705382899124241	0.1572230353174574	0.2208724468946457
93.0	0.17145445013105595	0.1581722593031895	0.21743670105934143
93.0	0.17240252228414327	0.15916765961908522	0.2138422578573227
93.0	0.17335059992991972	0.16015811971564553	0.21085423231124878
93.0	0.17435188002992552	0.16120418177919904	0.20744553208351135
93.0	0.17534426983150658	0.16223969916635553	0.20472481846809387
93.0	0.1763858851703056	0.1633269655299248	0.20166157186031342
93.0	0.1774314173752358	0.1644219823009572	0.19901105761528015
93.0	0.17849213977839898	0.1655347042178893	0.19644173979759216
