acc	dc0_val	dc1_val	loss
50.0	0.05966922421733094	0.07237166381226855	1.3822832703590393
50.0	0.01905652120533222	0.021573949351311524	1.3782134652137756
76.0	0.008290985637068158	0.00872468691517749	1.3727169036865234
83.0	0.004688131506486049	0.004258686189401235	1.365931212902069
84.0	0.0028589222252044804	0.002119825828948479	1.3593614101409912
81.5	0.002101604952265114	0.0012337289478277715	1.3518027067184448
83.5	0.0014131944217520185	0.0004063938091708883	1.3447380065917969
75.5	0.0011322745735851695	0.0001017942660766065	1.3354902863502502
73.0	0.0008821867511926973	-0.0001443813240762937	1.326337218284607
69.0	0.0007520840388360838	-0.0002873109071411866	1.316577672958374
68.0	0.000713139175692597	-0.00038967083058732976	1.306194007396698
69.0	0.0007789055242896034	-0.000519888607931695	1.2951964735984802
66.0	0.0007432835009131447	-0.0005384436140424281	1.2843416929244995
66.0	0.0008299034203789486	-0.000576699839052465	1.2726255655288696
65.0	0.0008774610002190411	-0.0005962099353706809	1.2609477043151855
64.0	0.0009237667742988447	-0.0006238288988097262	1.2495094537734985
66.5	0.0010289709724215785	-0.000695286833700684	1.23582261800766
66.5	0.0011525032360727267	-0.0007133391905115236	1.2227966785430908
66.5	0.0011446472668219683	-0.0007194806909538911	1.2111160159111023
66.0	0.0011430694192291167	-0.0007260726547738506	1.2000088691711426
66.5	0.0011956732586733485	-0.0007556894103649472	1.1882601976394653
66.5	0.0012421739990862164	-0.0007668199497676249	1.177684485912323
67.0	0.0012952774952818952	-0.0007844284231407156	1.1660071015357971
66.5	0.0013138652346522358	-0.0007784198700521235	1.1599587202072144
66.5	0.001264251152921293	-0.000789297178383885	1.156603991985321
66.5	0.0012831926013946702	-0.000805519349490151	1.1463136672973633
66.5	0.001238769018978864	-0.0008188580871628437	1.1493972539901733
68.5	0.0012731686844970594	-0.0008431248081863427	1.1296594738960266
69.0	0.0012066659831132768	-0.0008557499843032943	1.1261100769042969
72.5	0.0012499408641451926	-0.0008417021038919347	1.095105767250061
72.5	0.0011531322916433925	-0.0008599434368704344	1.0909503102302551
73.0	0.0010714016510411323	-0.0008684451048508411	1.083625316619873
73.5	0.0010761954497036372	-0.0008687462017364911	1.0772716403007507
73.5	0.001150118648565879	-0.000846784054501687	1.067030429840088
74.0	0.0011375356176621747	-0.000855235219517149	1.0592676997184753
74.0	0.001017415405248181	-0.0008720403338757209	1.0565401911735535
75.0	0.0010171047489206729	-0.0008705529450812127	1.0360700488090515
75.5	0.0008685854651786452	-0.0008733935850895416	1.0267485976219177
76.0	0.0009046639883842892	-0.0008724658219975463	1.018504559993744
77.5	0.0009280636872870731	-0.0008710542779273066	0.9954842329025269
78.5	0.000979043981329148	-0.0008684391599940163	0.9803979396820068
79.0	0.0010647889574553272	-0.0008617806957810458	0.9759910404682159
79.5	0.001126362631312158	-0.0008553567096447658	0.9685309827327728
79.0	0.001144005129142724	-0.000852428530928018	0.9655041694641113
79.0	0.0011603926328547067	-0.0008458002802964032	0.9559493958950043
79.5	0.0011840943658673459	-0.0008422431912648392	0.9384461343288422
79.0	0.0012133137849022041	-0.0008339534686947897	0.9355904757976532
79.0	0.0012475783085049022	-0.0008253344889935421	0.9278079271316528
80.5	0.0013094924932732384	-0.0008228976564427505	0.9118506014347076
80.5	0.0013011936101717852	-0.0008210004709696425	0.905298113822937
80.0	0.0013336433464898587	-0.000813075343821053	0.910293698310852
79.5	0.001301862468212057	-0.0008128950245096295	0.9089103937149048
80.0	0.0012262710618350756	-0.0008098700258270608	0.8973526656627655
79.5	0.0011652207257771396	-0.0008073765092834114	0.895771861076355
80.0	0.0011353906667048801	-0.0008063682836411204	0.8861327171325684
80.5	0.0012024418910730932	-0.0008092792569097496	0.8793274164199829
80.5	0.0012050805348650811	-0.0008097949153052443	0.875887930393219
79.0	0.0012406753489623565	-0.0008095101907392797	0.8852085471153259
78.0	0.0012476171440897602	-0.0008070640677146149	0.8967067301273346
78.0	0.0013469490271254298	-0.0008068936724241378	0.8965310752391815
76.5	0.0013579945595395524	-0.000806821078792265	0.9035026431083679
76.5	0.0013590101554549787	-0.0008076169497651299	0.8922232687473297
75.5	0.0014065843446894274	-0.0008049337209755816	0.9094981253147125
76.0	0.001468143761615195	-0.0008008639321156713	0.899127334356308
75.5	0.001292349321634333	-0.0008126315100284138	0.8918338418006897
77.5	0.0012985381647025434	-0.0008148064233781022	0.8646234571933746
81.0	0.0013400079424158212	-0.0008131898164583372	0.8194253146648407
81.0	0.0011848389077620232	-0.0008158198855235229	0.8043815791606903
82.5	0.0011259543135314983	-0.0008158272520454246	0.784355491399765
83.0	0.0010926208635271045	-0.0008123470097060723	0.7785468101501465
82.5	0.001085503189042224	-0.0008083597577513646	0.7746115922927856
82.5	0.0011202211370316623	-0.0008113216146651091	0.7734326422214508
81.5	0.0011726440994260577	-0.0008121837601861335	0.7772155106067657
82.0	0.0012105663328909803	-0.0008144872002185928	0.7788983881473541
80.5	0.0012176498237203126	-0.0008118715718642934	0.7851414978504181
80.0	0.0012397813617349392	-0.000813918292204725	0.7922672629356384
79.0	0.0012265397162857829	-0.0008121590378272355	0.799052894115448
78.5	0.0011355989667454298	-0.0008052423717748096	0.799043595790863
80.5	0.0012140266022789446	-0.0008174609842529022	0.7861119210720062
81.5	0.0012357625041753424	-0.0008200610489917292	0.7755947411060333
80.5	0.0011549740186782454	-0.0008178142770915735	0.778054267168045
81.0	0.0011517175859936575	-0.0008163925711685663	0.7771810591220856
81.5	0.0011833198225563656	-0.0008191980979845625	0.7684725821018219
81.5	0.0011104569078921405	-0.0008174550991681826	0.7684857249259949
81.0	0.0011625900563103071	-0.0008160200387141327	0.7662563920021057
82.0	0.0012578336023609158	-0.0008125257361758558	0.7636398375034332
82.5	0.001309276399874957	-0.0008069860067401846	0.7586544156074524
82.0	0.0013626890349986095	-0.0007975734585165149	0.7584857940673828
81.0	0.001427361659942386	-0.00078961839226156	0.7646190822124481
80.5	0.0015047461699661626	-0.0007781916019646666	0.7699235677719116
78.0	0.0015361412176256345	-0.0007749621549595549	0.7867824137210846
76.5	0.0016293353505502184	-0.0007557436818512553	0.800199031829834
76.0	0.0015352910846417778	-0.000772431548020161	0.8037327527999878
76.5	0.001470789540861224	-0.000779657914595876	0.7983432412147522
77.0	0.001437792327560403	-0.0007779379736552822	0.7864238321781158
78.5	0.0014716781963282732	-0.0007648087963378321	0.7755327820777893
80.5	0.0014905347587062495	-0.0007549287804598883	0.7606759071350098
80.0	0.0014995216623572476	-0.0007538548166421544	0.7564883232116699
80.0	0.0014607923605463907	-0.000763272639698084	0.7601282596588135
79.5	0.001406747152542584	-0.0007704912010624965	0.7602313756942749
