acc	dc0_val	dc1_val	loss
50.0	0.14106062327480826	0.19834450952249877	1.385439157485962
50.0	0.05226644475477756	0.07446745384651347	1.384783148765564
50.0	0.04478960977022292	0.061028605157949965	1.3879347443580627
50.0	0.03253340048346016	0.041986938477597366	1.3929651975631714
50.0	0.02181940766402853	0.02740162816190251	1.396005094051361
50.0	0.018137787498396313	0.021437449890761396	1.398513376712799
50.0	0.019395611525205046	0.02184158026589389	1.4015620350837708
50.5	0.013138795465789613	0.014182211211483529	1.4044544100761414
50.0	0.010466317558527569	0.010569983019242555	1.4017517566680908
50.0	0.006415089127366466	0.006039603809731025	1.4010872840881348
50.0	0.003843679166472861	0.003453927420058934	1.4051097631454468
50.0	0.0044490116158772235	0.0037453216504748778	1.4019814729690552
50.0	0.006465202364136377	0.005465824319939221	1.3981345295906067
50.0	0.00483106810489518	0.003519214417013216	1.38665771484375
50.0	0.0038788190761779124	0.0023616856485399328	1.3764286041259766
50.0	0.0028633507454976373	0.001265221348309272	1.3671962022781372
50.0	0.0033120480020487324	0.0014019063523133112	1.3562427759170532
50.0	0.002266240342817662	0.00048185534016512816	1.352610468864441
50.0	0.0015910055492495388	-7.617149685550728e-05	1.3486483097076416
50.0	0.00238102481908617	0.00033485403313356126	1.3406822681427002
50.0	0.002033848844520082	4.698542667862394e-05	1.33802729845047
50.0	0.001912714768090712	-0.00013399911425862496	1.3329865336418152
50.0	0.0016121548348213331	-0.00033952292006897807	1.3295745849609375
50.0	0.0015335811980762024	-0.00043519656588525277	1.3252737522125244
50.0	0.0015253592174969473	-0.00046313771003880333	1.320067822933197
50.0	0.002237570385150547	-0.00010131654193667143	1.3104612231254578
50.0	0.0030722704442372427	0.00043655179089279025	1.3027989268302917
50.0	0.0033581869548379236	0.0006440333932276503	1.2984237670898438
50.0	0.0035844593927447134	0.0007556605999736416	1.292815625667572
50.0	0.00291674702238925	0.0003094540167786947	1.290968894958496
50.0	0.0019045013621917274	-0.00023144138068187804	1.290325939655304
50.0	0.0018717384643395704	-0.0002813991413642244	1.2843000888824463
50.0	0.002081825693645196	-0.0002207802745231904	1.27718985080719
50.0	0.0016638583856197155	-0.00041406925929701353	1.274950087070465
50.0	0.0013827514595307656	-0.0005365308197732763	1.2718393802642822
50.0	0.0014835333909727644	-0.0005396692941008602	1.2642152309417725
50.0	0.0011175003961138817	-0.0006716236773296301	1.2614373564720154
50.0	0.0010469235061626048	-0.000710177069463593	1.25538831949234
50.0	0.0011444093268708597	-0.0007167919565133103	1.2489169239997864
50.0	0.001476173223317552	-0.0006290061066855904	1.2391635179519653
50.0	0.000770197101357622	-0.0007831206565946122	1.2395695447921753
50.5	0.001145934100791017	-0.000670165329471755	1.2268686890602112
52.5	0.0014575399743138762	-0.0005546759384892166	1.216197431087494
55.0	0.0017461056279914895	-0.000427452592346396	1.2063855528831482
57.0	0.0017503275914589852	-0.0004286816057042485	1.199153184890747
57.0	0.0014624345350476148	-0.0005520472228387413	1.1980594992637634
55.0	0.001341636999710919	-0.0006118742426265634	1.1971781253814697
54.0	0.0011505241181980076	-0.000675358522279499	1.196376085281372
54.0	0.0009891683423919999	-0.0007161147987765293	1.1938413381576538
54.0	0.0009438339431496095	-0.0007397779249345297	1.1896198391914368
54.0	0.0011816585080880683	-0.000712103561034873	1.18112450838089
58.0	0.0015977819109649852	-0.0005809611366232057	1.1616420149803162
59.0	0.0014507359370871246	-0.0006273065078861846	1.1519432067871094
60.5	0.0015326112683372627	-0.0006159767702859565	1.1402069926261902
60.5	0.0014345186178757274	-0.0006497408491937151	1.1358763575553894
61.0	0.0014060524461411382	-0.0006745962374769413	1.130868673324585
60.0	0.0014765499408959945	-0.000675176523398668	1.1295078992843628
60.5	0.0009555348534110819	-0.0007774942856764828	1.1274940371513367
63.5	0.00034015418915113335	-0.0007778238446808011	1.10955810546875
68.5	0.0005163153376200286	-0.0007741205187766647	1.0752862691879272
69.5	0.0004897058523529749	-0.000771815868451498	1.057827651500702
72.0	0.0006887275815720875	-0.0007715467344909761	1.0419078469276428
71.0	0.0006052932834791867	-0.0007775943129842463	1.038243055343628
70.5	0.0005387382268337402	-0.0007877191438905928	1.0362772941589355
70.5	0.0005207218450809222	-0.0008004047019000452	1.0344982147216797
69.5	0.0005103486086703839	-0.0008126042570706977	1.0395085215568542
68.5	0.0005482513522764173	-0.0008243207744786998	1.0424374341964722
67.5	0.0004981867194039574	-0.0008270837512651041	1.0462576150894165
67.5	0.0007388241654990829	-0.0008453243197017603	1.0427301526069641
66.5	0.0008240549620219834	-0.0008531754887544903	1.0447717308998108
67.0	0.0009445180573736183	-0.0008495292592403145	1.0421345829963684
66.0	0.0010104289503613225	-0.0008524771807736206	1.0491699576377869
66.0	0.0011013995334583455	-0.0008515986937894153	1.0488284230232239
65.5	0.0011348103460048808	-0.0008571329084091976	1.0537094473838806
65.0	0.0010153460383562404	-0.0008730578359289532	1.0576830506324768
65.5	0.0008500069457167353	-0.0008782195057768223	1.0521308779716492
66.5	0.0010054463259821724	-0.0008878290298610606	1.0386019945144653
67.5	0.0009673983255492777	-0.0008931043974376017	1.0284793972969055
68.0	0.0009022978767828151	-0.0008979101765444968	1.0206884741783142
68.5	0.000959649521365209	-0.0009004507696216356	1.0145125091075897
69.0	0.001129760838306202	-0.0008947814469385169	1.0060942769050598
69.0	0.0010591348321553039	-0.0009059786444982502	0.9969384968280792
69.5	0.0012624317998763297	-0.0008878406357226465	0.9886376559734344
70.0	0.0013831869209742903	-0.0008694260608555808	0.9823025166988373
70.5	0.001167074964339056	-0.0008934981263563162	0.978740781545639
70.0	0.0013021788033053853	-0.0008783106767060377	0.9726960957050323
70.5	0.0012514749504160749	-0.0008928220454676341	0.9710668325424194
70.5	0.001172328254544813	-0.0008972546039289077	0.9715759754180908
70.5	0.0011394598214900414	-0.0008977895033701134	0.9692750871181488
70.0	0.001128431708445606	-0.0009005440897727837	0.969230443239212
70.0	0.000943472737348481	-0.0009058950243218276	0.9692060351371765
71.0	0.001044634088649011	-0.0009030247840126599	0.9611314535140991
71.0	0.0011132362376438081	-0.0008965258292072292	0.9588920474052429
71.5	0.0011750772169201002	-0.0008964791241874629	0.9551150500774384
71.5	0.0010738578946992774	-0.0009044103908094228	0.9559470415115356
71.0	0.0010913639699162898	-0.0009031050359466444	0.956629067659378
71.5	0.0009454508074435055	-0.0009059300813667113	0.953110009431839
72.5	0.001172838096964426	-0.0009033709007739353	0.9441442489624023
72.5	0.0013055846084083218	-0.0008897514337013677	0.940158873796463
72.5	0.0013693677945258546	-0.0008861209024790796	0.9372240006923676
