acc	dc0_val	dc1_val	loss
50.0	0.2857907779677812	0.2956621184869572	1.3840200901031494
50.0	0.21678588902628934	0.21214487325115525	1.3811902403831482
72.5	0.19006518757127255	0.1803792404971617	1.3779220581054688
52.0	0.17720040589326208	0.1647269654289042	1.374698281288147
60.0	0.1704464196759736	0.15618493328092325	1.3709520101547241
74.0	0.1661924167729749	0.15077747905715796	1.366735816001892
90.5	0.16348888565124864	0.14741871421720235	1.3620427250862122
93.0	0.16152377714703783	0.14511390997386908	1.356906235218048
91.0	0.16000785641982718	0.1434589605759947	1.3512347340583801
88.0	0.15890934889202718	0.14238844877000909	1.3450374603271484
90.0	0.1579559890266301	0.14162000112594386	1.3380948305130005
92.5	0.15718814558845184	0.14102720201167215	1.3303940296173096
93.5	0.15669099522037364	0.14060131053797212	1.3220229744911194
92.0	0.15640135506373568	0.14032034342858216	1.3128082156181335
91.5	0.15623351613924558	0.14013744639488526	1.3026175498962402
91.5	0.15609966795922237	0.1400380764971124	1.29152250289917
92.0	0.15596251040362494	0.1399944424409832	1.2797795534133911
89.5	0.15583178524916544	0.1399583022411527	1.2669726014137268
88.5	0.15573423844682988	0.13992109546080106	1.2534552812576294
89.5	0.15568308087577662	0.13984024742455503	1.238681137561798
91.0	0.15569154177895897	0.13983532676086147	1.2231560349464417
91.0	0.15572619457937958	0.1398446124747473	1.206362247467041
90.5	0.15579321930124546	0.13992800103192246	1.1885048151016235
90.5	0.15591320911088805	0.14009561255436626	1.1695785522460938
91.5	0.1560969255303622	0.1403021558788791	1.149540662765503
92.0	0.1563529489852989	0.14055201115989782	1.1283493041992188
91.5	0.15661862089021017	0.1407967329095766	1.1060148477554321
91.5	0.1568883150422925	0.14105032956258795	1.0824012160301208
91.5	0.15717620202696056	0.1413373879181031	1.0578412413597107
92.0	0.15748699225649462	0.14166722731760706	1.032436728477478
93.0	0.15778631987787414	0.1419872273702924	1.005900800228119
92.5	0.1580959372142613	0.14230729263389616	0.9779865443706512
92.5	0.1584342304106703	0.14266212055344984	0.9490290284156799
93.0	0.1587507466096741	0.14300267289398744	0.9196396470069885
92.5	0.15911076889238807	0.14340752532425788	0.8905990421772003
93.0	0.15948647344230213	0.14381159118647524	0.8596759140491486
93.0	0.15988181918453662	0.1442406187227888	0.8292127549648285
93.0	0.16033255551595188	0.14476419622221226	0.79909548163414
93.0	0.16081986403662865	0.14531344691780593	0.7689090073108673
93.0	0.16133938990287047	0.14588889370750277	0.7389837801456451
93.5	0.16188599325419764	0.14648921285747327	0.7096398174762726
93.0	0.16250549349147375	0.14717935936027993	0.681180477142334
93.0	0.16316334256178408	0.14788754856392383	0.6539648771286011
92.5	0.16391833984295012	0.14869057131805866	0.6274624466896057
93.5	0.16468981500076854	0.1495010503073569	0.601770281791687
92.5	0.16551052187097767	0.1503787483900257	0.5777779817581177
93.0	0.16641205299420517	0.15133516663853125	0.5558758974075317
93.0	0.16740084105542907	0.15235807728931558	0.5332841277122498
93.0	0.16847335437478708	0.15348763171689284	0.5131209194660187
93.0	0.16958683945564132	0.15467201040573514	0.49435795843601227
92.5	0.1707928261594035	0.15595362587614398	0.47659778594970703
93.0	0.17206369713797198	0.1573000198687353	0.46072903275489807
93.0	0.17344428905147738	0.15874475564295065	0.4449567347764969
93.0	0.17487788944667088	0.16026215229299395	0.43202510476112366
92.5	0.17638913603564288	0.16185037406981553	0.4197579473257065
93.0	0.17796454243768753	0.16350510485818626	0.40719515085220337
93.5	0.17959905011229707	0.1652215309266674	0.39624159038066864
93.0	0.18129506772105075	0.16701756525980202	0.3881720006465912
93.0	0.18307457183355708	0.16889037581300761	0.37899890542030334
93.0	0.18491456184341978	0.17082529801179153	0.3695007264614105
93.0	0.18681066281899986	0.17283115675847907	0.361820712685585
93.0	0.18873498960255164	0.1748738292217065	0.356486976146698
93.5	0.19075701519885893	0.17701369381540147	0.3496668338775635
93.0	0.19282491475117847	0.17920502484087175	0.3434430956840515
93.0	0.19488938210934925	0.1813949754218502	0.33764779567718506
93.5	0.19700837655462958	0.18365395379403948	0.33359888195991516
93.0	0.19919625392536802	0.18598956635077593	0.32844777405261993
93.5	0.2014014855733085	0.1883619888072984	0.3244662433862686
93.5	0.2036340131335716	0.19076902536073562	0.32030606269836426
93.5	0.20590568675685395	0.1932224444079147	0.31651899218559265
93.0	0.2081923382270472	0.19570399441023892	0.31485994160175323
93.0	0.21053419816305943	0.1982540180283903	0.31008943915367126
93.5	0.21287613460250612	0.20081500551171175	0.3065744787454605
93.5	0.21524645639132875	0.20342040539734207	0.30519528687000275
93.5	0.21764869479955334	0.2060541683403061	0.30189573764801025
93.5	0.22005650045399858	0.20869890747454758	0.29833701252937317
93.5	0.22243847169623437	0.21133128028267872	0.29813525080680847
93.5	0.2248388197990484	0.21398520475194757	0.2974748760461807
93.5	0.22731579499491392	0.2167355526455481	0.292196661233902
93.5	0.2298181633112929	0.2195234736804783	0.2906268239021301
93.5	0.23226067758583444	0.22225125731334042	0.29054075479507446
93.5	0.23476905589999883	0.22506606419830677	0.2878950834274292
94.0	0.23734050909669063	0.22796493694992484	0.2851209342479706
94.0	0.23990069957576507	0.23085092398370163	0.28379903733730316
93.0	0.24247051002319256	0.2337367685964666	0.28648409247398376
93.5	0.2450643473859012	0.23666779908251268	0.28377053141593933
94.0	0.24764278663111625	0.23959695578754164	0.27941444516181946
94.0	0.2502554674588916	0.2425511325394618	0.2781367599964142
93.5	0.25276542969977556	0.24537576809760203	0.28331004083156586
93.5	0.25533441456295153	0.24828157627774772	0.2814635783433914
94.0	0.25793688102924517	0.2512438609145483	0.27539464831352234
94.0	0.26054569238113046	0.2542055004118052	0.2741527855396271
93.5	0.26308685784329716	0.257054116789817	0.2767365276813507
93.5	0.26561115796813495	0.25990000384795703	0.278375968337059
93.5	0.2682090437532661	0.2628399589579868	0.27353790402412415
94.0	0.27079283778204466	0.2657629701070119	0.2710196524858475
93.5	0.27331914725632506	0.2685914206758346	0.2716590017080307
93.5	0.2758448654519591	0.2714169565544977	0.2734374552965164
93.5	0.2783518697883262	0.2742377116263942	0.27255645394325256
94.0	0.2808947421712359	0.2771061025945993	0.269169420003891
