acc	dc0_val	dc1_val	loss
90.5	0.31095430794351	0.30379010526918676	1.3755683302879333
50.0	0.23883679469624888	0.23230235648444403	1.3664331436157227
69.0	0.20952292430473896	0.1998615392437302	1.355230987071991
90.0	0.19340004235933622	0.18197825720714825	1.3424782752990723
88.5	0.18433501242647252	0.17141881645672752	1.3280170559883118
92.0	0.17878406614882628	0.16500897094636754	1.3117735385894775
91.5	0.17508477127168026	0.16069246801336723	1.2931298613548279
92.5	0.17247610086968918	0.1577040075379402	1.2728973031044006
88.0	0.17037879547748094	0.15561287962200157	1.2518562078475952
92.5	0.1687011939934679	0.15389381608220495	1.2280053496360779
92.5	0.1672761838504913	0.15244339264877743	1.201958179473877
93.0	0.16623364432057783	0.15133025581436216	1.173200011253357
91.0	0.1656290344491931	0.1505690439464011	1.1441708207130432
93.0	0.1652354115616002	0.1499941018435087	1.1120724081993103
93.0	0.16501964234214023	0.149699500493049	1.078708529472351
92.5	0.16486598508748143	0.1495699002475191	1.043563187122345
93.0	0.164769692711337	0.14950707600300622	1.0066596865653992
92.5	0.16469989121414355	0.14945042114903795	0.9683374464511871
93.0	0.1647001855878822	0.14945019869117768	0.9292863011360168
93.0	0.164804909386533	0.1495613470955175	0.8908959031105042
93.0	0.1650429012221848	0.14976054587887513	0.8511261940002441
93.0	0.1653491882807744	0.15005816292034257	0.8123532831668854
93.0	0.16574012921057119	0.15044979907396852	0.774395763874054
93.0	0.16618424480571828	0.15086956880565533	0.7367922365665436
93.0	0.16673635034452752	0.1514262034163217	0.7006465792655945
93.0	0.16737640107235768	0.15208478817021914	0.6662845611572266
93.0	0.16815950840617255	0.15287373635362542	0.6327655017375946
93.0	0.1690276715484904	0.1537625416291253	0.6016392409801483
93.0	0.16999388318472056	0.1547462175069631	0.5722652971744537
93.0	0.17111691987131952	0.15591482943582854	0.5460608899593353
93.0	0.17236537780974429	0.15718674595639254	0.5203516185283661
93.0	0.17369506341083218	0.1585596876557607	0.4977033734321594
93.0	0.1751490467698758	0.16007650881663063	0.4774336665868759
93.0	0.17672492989903252	0.16171209146604895	0.4585239887237549
93.0	0.17843110042573873	0.1634750764210448	0.441122367978096
93.0	0.18019871062459383	0.16531168868034296	0.4256535917520523
93.5	0.182093856864071	0.16730904849278003	0.4137476086616516
93.0	0.1841350521035588	0.16939081446232615	0.40024222433567047
93.5	0.18622377070250726	0.17161018332226607	0.3895903378725052
93.5	0.18842571067822708	0.17392313675162158	0.38141167163848877
93.0	0.1907201341072908	0.17629583214135516	0.3696874976158142
93.5	0.1930367794187007	0.17873193559824646	0.36216625571250916
93.0	0.19548626365429342	0.1812982507609755	0.35506609082221985
93.0	0.19796844758073426	0.18387496404089312	0.34745876491069794
93.5	0.2004807965806258	0.18652945247696093	0.3428874760866165
93.5	0.20304948358766528	0.18921411761809784	0.3356330245733261
93.0	0.20566762884659007	0.19195368653622172	0.33013778924942017
93.5	0.20832365632150132	0.19476830339123055	0.3297777324914932
93.5	0.21110297914666842	0.19765630037880313	0.32116083800792694
93.5	0.21385575537220883	0.2005620745638214	0.31869760155677795
93.5	0.21669642730179134	0.2035334176970441	0.3136931508779526
93.5	0.21956966399897387	0.2065649641161012	0.31128448247909546
93.5	0.22248093901959085	0.20963304396529597	0.3098158538341522
93.5	0.22550223457922144	0.2127800062352562	0.3039788156747818
93.5	0.2284990250690001	0.21593983714683115	0.30158835649490356
94.0	0.23146812551714518	0.21907969527453053	0.3015999346971512
93.5	0.2345306971775597	0.22228420155217307	0.2967556416988373
93.5	0.23750570615820935	0.2254397556949326	0.29703478515148163
93.5	0.24049317765344963	0.22858727747186627	0.29578909277915955
93.5	0.2435936214273037	0.23181635662150096	0.29009978473186493
93.5	0.24660878556304794	0.23502068556513178	0.2901880443096161
94.0	0.249638525215207	0.23822776828950704	0.2907711863517761
93.5	0.25275276106127537	0.24147128346453928	0.2850395292043686
94.0	0.25574746280805294	0.24465694254689385	0.28605057299137115
94.0	0.2587336060643955	0.247794134396326	0.2833496034145355
94.0	0.26175302535167766	0.25094326557952257	0.2806837260723114
93.5	0.26469756502054825	0.254088767939315	0.28266267478466034
94.0	0.2676791089398388	0.2572361357201614	0.2828725278377533
94.0	0.27077010851719074	0.26044687840412	0.2771443724632263
93.5	0.2736251632557805	0.2635021359628998	0.2808365225791931
94.0	0.2766230583555001	0.2666424979756231	0.2777798920869827
94.0	0.27959404957406675	0.26974198526568516	0.27415992319583893
93.5	0.2824402945080752	0.27276953107779695	0.2756418287754059
93.5	0.28531871571126266	0.27581145583616107	0.2774779349565506
94.0	0.28828725931247784	0.2789027576729921	0.2717132866382599
94.0	0.2911194595182161	0.28186711176071605	0.2707817703485489
94.0	0.29374888031664775	0.2846849020504084	0.2785373628139496
94.0	0.2965410110093024	0.28757153053327456	0.2696869522333145
94.0	0.2992254736567131	0.29038610813466365	0.26878368854522705
94.0	0.3017902512828166	0.2931059779366063	0.2723185122013092
94.0	0.30441151235136943	0.2958590472302715	0.2712019979953766
94.0	0.3071189756917411	0.2986559649372644	0.26724132895469666
93.5	0.30945621161778897	0.30114501592877924	0.2710821330547333
94.0	0.31196531817249	0.30377049656528743	0.26888222992420197
94.0	0.31444120609938914	0.30634606289240224	0.26601630449295044
94.0	0.3168560473740067	0.30888296968930623	0.2669024020433426
94.0	0.3192291567099682	0.31136347052295943	0.26652248948812485
94.0	0.32166428822447635	0.3138974045981088	0.2643779516220093
94.0	0.32389603065898	0.3162503824898682	0.26698383688926697
94.0	0.32617561634232695	0.3186358659130807	0.2669009864330292
94.0	0.32854982647286474	0.32109499915920175	0.2633405923843384
94.0	0.33075492319110295	0.3234028983437548	0.26339929550886154
94.0	0.3328479908871447	0.32561526087416026	0.2696622163057327
94.5	0.3351083372163205	0.3279482366810596	0.26351601630449295
94.0	0.33728512327212407	0.3302083995303089	0.2619052678346634
94.0	0.3393834479157276	0.33240132842817016	0.2621256411075592
93.5	0.34125624907684604	0.33438003023601476	0.2698058560490608
93.5	0.3434429063259391	0.33662093262566356	0.260853074491024
94.0	0.34523572060315105	0.33850859752226786	0.26345182955265045
94.0	0.34704951978570325	0.340407859414264	0.2674777954816818
