acc	dc0_val	dc1_val	loss
50.0	0.40317988934689347	0.43519102942719845	0.6878165006637573
50.0	0.3952211262236722	0.42511878359758687	0.6832044720649719
50.0	0.3697375347195683	0.388841585961346	0.6784749031066895
50.0	0.33119455794837144	0.3417635830482585	0.6733826398849487
50.0	0.2925192208454147	0.2993280751721297	0.6681014895439148
50.0	0.26152199908664375	0.2673216385539921	0.6627844572067261
51.0	0.23951307760692095	0.24388226980758762	0.6571692228317261
55.0	0.22374978206880347	0.22557538935554153	0.6508691906929016
59.0	0.2122725271870229	0.21006511255878293	0.6444228291511536
61.0	0.20380612328715345	0.19628359052289	0.6375628709793091
63.0	0.19661398937713398	0.18482606501661342	0.6305169463157654
64.0	0.18993822379532502	0.1760270269974031	0.6231387853622437
66.0	0.1841560752716038	0.16903880396061388	0.615507185459137
67.0	0.17934399820007252	0.1633397849206756	0.6076620817184448
68.0	0.1752952464608535	0.15862402125760355	0.5996099710464478
69.0	0.17160638350926133	0.1546168586179618	0.5915361642837524
70.0	0.16828341980820027	0.15119819135287815	0.5833517909049988
71.0	0.16519949529427053	0.14823188007385027	0.5750793814659119
71.0	0.16247620094314297	0.14568228072534292	0.5667718648910522
72.0	0.16021534036676888	0.14352459718152247	0.5584654808044434
72.0	0.15839926974865415	0.1416380691769436	0.5502060651779175
73.0	0.15699003693188085	0.14003192195119965	0.54203200340271
74.0	0.1558662988233948	0.13858580847748594	0.5340118408203125
74.0	0.15495753336869286	0.13732686371243036	0.5261859893798828
74.0	0.15415891440106286	0.13621937688921465	0.5185997486114502
74.0	0.15344381308572821	0.13523201926698747	0.5112882852554321
75.0	0.15278295441844414	0.13437797134944485	0.5042853951454163
75.0	0.1521529127829455	0.13363267241362106	0.4976320266723633
76.0	0.15158438908160285	0.13295494728602855	0.49136534333229065
76.0	0.15102632612053996	0.1323630979976447	0.48551785945892334
76.0	0.15050887308977368	0.13181117430144626	0.48011502623558044
76.0	0.15007844269988682	0.1313352058803578	0.4751760959625244
76.0	0.1496975008676119	0.13089296796067137	0.47069501876831055
76.0	0.1493988397483635	0.1305353197333997	0.46681302785873413
77.0	0.14916498987441168	0.13019787479436562	0.4634743630886078
77.0	0.14895504604347493	0.12987891192714715	0.46070948243141174
77.0	0.14873089791936442	0.12958145899832293	0.45848190784454346
77.0	0.1484979666407984	0.1292794737594842	0.45677992701530457
77.0	0.14823193242911734	0.1289727451669464	0.4555882215499878
77.0	0.14791946919612142	0.1286395941723099	0.4548902213573456
77.0	0.1475944329007608	0.12827987472271926	0.45465508103370667
77.0	0.14724277615428186	0.12790727834992752	0.4548567235469818
78.0	0.14686863927966542	0.12752351707766252	0.45545631647109985
78.0	0.14646308808505068	0.12711589204582724	0.45641225576400757
78.0	0.14606731853796093	0.12668087009440832	0.45768678188323975
78.0	0.1456025003415048	0.12621406369540572	0.4593838155269623
78.0	0.14510795572247898	0.12569359131067567	0.46146920323371887
78.0	0.1445986096009118	0.12513069970156102	0.4637718200683594
78.0	0.14405094663387932	0.12452341493610929	0.46624723076820374
78.0	0.14342458444138667	0.12385917811315593	0.4689143896102905
78.0	0.1427292408601519	0.12312377245287238	0.471693754196167
78.0	0.1419971090334362	0.12235881407968897	0.4746030569076538
78.0	0.14158072816464146	0.12193678590419775	0.4760464131832123
78.0	0.14115076538192278	0.12147973687799743	0.477441668510437
78.0	0.14067720822175445	0.12098807742487817	0.47876644134521484
78.0	0.14016043008345003	0.12046914709672997	0.4800436496734619
78.0	0.13961683542824774	0.11991968051884573	0.4812537729740143
78.0	0.13904966872014116	0.11934464069709833	0.4824044108390808
78.0	0.13846126987007326	0.11875667947003621	0.4834924638271332
78.0	0.1378289791708862	0.11813765913239577	0.4845183193683624
78.0	0.1371943297388829	0.11748628619051404	0.48548606038093567
78.0	0.13652702657269336	0.11683092272678419	0.48637625575065613
78.0	0.13584318060922584	0.11616395896424542	0.48722967505455017
78.0	0.13549011982271786	0.11581655641618312	0.4876123368740082
78.0	0.13511259367674444	0.11546039482016629	0.48796963691711426
78.0	0.1347517496575142	0.11509379796206053	0.48829758167266846
78.0	0.1343726050972204	0.11472408106416615	0.4886041581630707
78.0	0.13398278330695965	0.11434455240099041	0.4888930320739746
78.0	0.13359244568828552	0.11396376674155619	0.4891638457775116
78.0	0.13319366815347716	0.11357006239894303	0.48940950632095337
78.0	0.13277773720441732	0.11317028281019127	0.48962849378585815
78.0	0.13237205348018657	0.11276804629229924	0.48983022570610046
78.0	0.13195529075763054	0.11236328971033105	0.49000900983810425
78.0	0.13152883585899955	0.11195423290591468	0.49017012119293213
78.0	0.13133244427077947	0.11175517773915652	0.4902450442314148
78.0	0.1311186550524544	0.11155563081421785	0.49030569195747375
78.0	0.13090984992747873	0.11134945242136979	0.49036431312561035
78.0	0.13068950720957137	0.11113346356911565	0.4904158413410187
78.0	0.13047239567430058	0.1109248860792023	0.49045729637145996
78.0	0.13024925610949883	0.11071789617320124	0.4904942810535431
78.0	0.13002346116196667	0.11050838230483757	0.490523099899292
78.0	0.12979803570599902	0.11028551154712021	0.4905470609664917
78.0	0.1295843793841686	0.11007393397210075	0.49056580662727356
78.0	0.129361603743762	0.10985463006612288	0.4905863106250763
78.0	0.12912914674000764	0.10963678867965691	0.49060267210006714
78.0	0.12902531958579946	0.10952928736342801	0.4906142055988312
78.0	0.12891819093151236	0.10941997507875477	0.49062445759773254
78.0	0.12880602868424987	0.10931522707536152	0.49063289165496826
78.0	0.12869374089622743	0.10920935285420741	0.4906429052352905
78.0	0.12857050628621633	0.1090931309013219	0.49064692854881287
78.0	0.12846151188010227	0.10898584873136054	0.49065396189689636
78.0	0.12835001413222885	0.10887409423699507	0.4906535744667053
78.0	0.1282365381069703	0.10877135101133661	0.49065425992012024
78.0	0.12812608412784757	0.10866613979193974	0.49065637588500977
78.0	0.12800924766897262	0.10856150122658256	0.49064901471138
78.0	0.12789932394237855	0.10844756927951621	0.49064555764198303
78.0	0.12783916354631525	0.1083934056176888	0.4906420409679413
78.0	0.12777991538597017	0.10833945670628145	0.4906357526779175
78.0	0.1277263684573968	0.1082846884698233	0.4906342923641205
78.0	0.12766990111708054	0.10822906068342454	0.49063223600387573
78.0	0.1276174481286069	0.10817575002141831	0.4906291663646698
78.0	0.12755907470016095	0.10812473629799749	0.4906260669231415
78.0	0.12750279721856872	0.10806828002483677	0.4906236231327057
78.0	0.1274443836892375	0.10801091913430015	0.49062013626098633
78.0	0.12738564363327878	0.10795354653112807	0.4906121492385864
78.0	0.127329365643316	0.10790332289404217	0.4906092882156372
78.0	0.12727146038732068	0.1078478338180281	0.4906047582626343
78.0	0.12724493053403982	0.10782199435049294	0.49060311913490295
78.0	0.1272158055752788	0.1077896936495741	0.49060049653053284
78.0	0.12718744060488857	0.1077642067505514	0.4905962646007538
78.0	0.127155116248573	0.1077373541984527	0.4905932545661926
78.0	0.12712578250077863	0.10771062206028768	0.49059268832206726
78.0	0.1270998215483658	0.107681408419172	0.4905931353569031
78.0	0.12707068157481288	0.10765455162923739	0.4905914068222046
78.0	0.12704348343618715	0.10762716143225304	0.49059155583381653
78.0	0.12701210356995443	0.10759915930959363	0.4905893802642822
78.0	0.12698437692550554	0.10757168751357583	0.490587443113327
78.0	0.12695526119220565	0.10754197401016558	0.4905836880207062
78.0	0.12693870463709814	0.10752401097928349	0.49058157205581665
78.0	0.12692100816998597	0.10750834392559937	0.4905796945095062
78.0	0.12690425117524282	0.10749235619898052	0.49057725071907043
78.0	0.12688589341459347	0.10747530927294457	0.49057626724243164
78.0	0.1268689055866463	0.10745828317480233	0.49057504534721375
78.0	0.1268534832344084	0.10744100254775858	0.4905751645565033
78.0	0.1268332063124772	0.10742262505089802	0.4905749559402466
78.0	0.12681560080190415	0.10740552312216754	0.4905751645565033
78.0	0.12679620660500784	0.10738522191636983	0.49057602882385254
78.0	0.12677951350433384	0.10736720151972891	0.49057433009147644
78.0	0.12676059772997095	0.10735014683467409	0.490572452545166
78.0	0.12674190234059654	0.10733074764095425	0.4905708134174347
78.0	0.12672233757508183	0.10731429979676498	0.49056971073150635
78.0	0.12670437352834016	0.10729542610397498	0.4905702769756317
78.0	0.12668518513197477	0.10728131232504534	0.490569531917572
78.0	0.12666669044718104	0.10726040821521457	0.4905705153942108
78.0	0.12664755938418593	0.10724382445314122	0.4905712604522705
78.0	0.12663038750750036	0.10722574358037631	0.4905710816383362
78.0	0.12661221346084184	0.10720962350285675	0.49057137966156006
78.0	0.1265948395501022	0.10719238848116498	0.4905719459056854
78.0	0.12657626835399394	0.1071726983653045	0.4905707538127899
78.0	0.12655994032566617	0.10715718533227904	0.4905698299407959
78.0	0.12654245091584662	0.10714010176540001	0.4905698597431183
78.0	0.12652230760845404	0.1071203579057538	0.4905681312084198
78.0	0.12650348536311845	0.10710300335032394	0.4905657172203064
78.0	0.12648632843269444	0.10708454353082854	0.49056631326675415
78.0	0.1264651273855225	0.10706817068991371	0.49056559801101685
78.0	0.126445538228735	0.10705086055258349	0.49056410789489746
78.0	0.1264293675297462	0.10703505646078333	0.4905640184879303
78.0	0.126409457261058	0.10701592222383847	0.49056196212768555
78.0	0.12639134534540974	0.10699997624033379	0.4905620217323303
78.0	0.12637217973118844	0.10698291482494919	0.4905613660812378
78.0	0.12635360461806053	0.10696591632910256	0.4905628561973572
78.0	0.12633580846334064	0.10694892354841648	0.4905632436275482
78.0	0.12631864182885774	0.10692971387074102	0.4905625283718109
78.0	0.12630150672276388	0.10691372565714777	0.49056190252304077
78.0	0.12628257259151104	0.10689473050089997	0.4905605614185333
78.0	0.1262633301406553	0.10687889086729048	0.490559458732605
78.0	0.12624632532486352	0.10686301286163144	0.4905589818954468
78.0	0.12622746362119674	0.10684605274057601	0.4905596077442169
78.0	0.1262100252132419	0.1068271473888321	0.490560919046402
78.0	0.126191197032535	0.10680918614412471	0.49056029319763184
78.0	0.1261732253329234	0.10679003871877081	0.4905601739883423
78.0	0.1261540513629706	0.10677464498895627	0.4905618131160736
78.0	0.1261346223650364	0.10675971509411335	0.49056190252304077
78.0	0.1261169468689589	0.10674442772605705	0.4905622899532318
78.0	0.12609943048612668	0.10672831201976639	0.4905664324760437
78.0	0.12608040695037595	0.10671217468161295	0.4905667006969452
78.0	0.12606311263011222	0.10669456631798661	0.4905669093132019
78.0	0.12604333988954466	0.10667695102372271	0.4905667304992676
78.0	0.12602642499338013	0.10665765371756279	0.49056702852249146
78.0	0.12600720451052433	0.10663941675656495	0.4905678331851959
78.0	0.12599005202039162	0.10662373653622856	0.49056923389434814
78.0	0.12597192024131187	0.10660560216784151	0.49056926369667053
78.0	0.1259536968923764	0.1065896602837748	0.4905700981616974
78.0	0.12593497653954094	0.10657206501226374	0.4905698597431183
78.0	0.12591726014552612	0.10655418594470037	0.490569531917572
78.0	0.12589873122602596	0.10653713108500769	0.4905707538127899
78.0	0.12587991773975052	0.10651895799722905	0.49056893587112427
78.0	0.12586251216150307	0.10650097014333976	0.49056756496429443
78.0	0.1258434226329582	0.10648278677992158	0.490567684173584
78.0	0.12582498808569037	0.10646455506998116	0.4905693531036377
78.0	0.12580649757232656	0.10644790141804125	0.4905703663825989
78.0	0.12578875922889704	0.10642949437010352	0.49057087302207947
78.0	0.1257688732931955	0.10641280971094727	0.4905719757080078
78.0	0.12575177485750672	0.10639609258560266	0.4905710220336914
78.0	0.1257361324645224	0.10637960218454774	0.4905707538127899
78.0	0.12571600875181127	0.10636027370308306	0.49056947231292725
78.0	0.12569652435005477	0.10634320024485469	0.49056878685951233
78.0	0.12568004749918207	0.10632616421795058	0.49056747555732727
78.0	0.12566077551983462	0.10630729053993017	0.4905659854412079
78.0	0.12564210367255643	0.10628957020946643	0.4905676543712616
78.0	0.12562272279290834	0.10627446029924982	0.4905688166618347
78.0	0.12560303728126118	0.10625696419577246	0.4905693829059601
78.0	0.1255840762007494	0.10623908353614034	0.4905703365802765
78.0	0.1255648309815058	0.10621958202961229	0.4905698001384735
78.0	0.12554926776706968	0.1061990528607603	0.4905708432197571
78.0	0.1255280792969434	0.10618100033269061	0.49057096242904663
78.0	0.12551129869706038	0.10616258379191805	0.4905720353126526
78.0	0.12549420286334706	0.10614578531634546	0.490572452545166
78.0	0.1254755513319357	0.1061269320851691	0.4905736446380615
78.0	0.12545840376862846	0.10611054137142098	0.4905754327774048
78.0	0.12543972428974515	0.10609276992112164	0.4905756711959839
78.0	0.1254222631023574	0.10607510720855864	0.49057644605636597
78.0	0.12540423733930356	0.10605722088913533	0.49057650566101074
78.0	0.12538600251920398	0.10603853058450328	0.49057692289352417
78.0	0.1253665673705529	0.10601918290820439	0.49057719111442566
78.0	0.1253473394615439	0.10600065038759297	0.49057865142822266
78.0	0.12532798339250442	0.10598322133779252	0.4905782639980316
78.0	0.12530982966526302	0.10596488076383227	0.4905802309513092
78.0	0.1252914725040086	0.10594659748781464	0.4905805289745331
78.0	0.12527362551023757	0.10592925226315426	0.49057984352111816
78.0	0.12525529184028938	0.10591096836080882	0.49057936668395996
78.0	0.12523693921615192	0.10589308440538268	0.4905815124511719
78.0	0.12521943511454967	0.1058764061883092	0.4905809164047241
78.0	0.12520104459646136	0.10585839448275593	0.49058064818382263
78.0	0.12518103607688985	0.10584416598763648	0.49058014154434204
78.0	0.12516349041380714	0.1058254783316206	0.49058064818382263
78.0	0.12514345635658133	0.10580818246312175	0.49057847261428833
78.0	0.12512600735769075	0.10579096825990461	0.49057871103286743
78.0	0.12510735102302836	0.10577242422492175	0.49058079719543457
78.0	0.1250894348911845	0.10575293380594895	0.4905800521373749
78.0	0.12507253136695023	0.10573631111784215	0.4905799329280853
78.0	0.1250535736186387	0.10571912442141727	0.4905785024166107
78.0	0.12503576506126912	0.10570295625856445	0.49058058857917786
78.0	0.12502020260514288	0.10568603862779401	0.4905828833580017
78.0	0.12500213476081895	0.10566919727007913	0.49058350920677185
78.0	0.1249844360579244	0.10565146850381929	0.49058517813682556
78.0	0.12496700400740156	0.10563595556727762	0.49058446288108826
78.0	0.12494862516243468	0.10561979163011362	0.49058714509010315
78.0	0.12492884271890875	0.10560141063878034	0.4905869662761688
78.0	0.12490936238190811	0.10558486297589911	0.49058642983436584
78.0	0.12489181815196289	0.10556656581715432	0.49058806896209717
78.0	0.12487288427515897	0.10555105285641779	0.49058690667152405
78.0	0.12485554046626517	0.1055338817230838	0.4905863106250763
78.0	0.12483865251156678	0.10551570754723658	0.49058797955513
78.0	0.12482015833525793	0.10549897642018821	0.4905874729156494
78.0	0.12479910295013788	0.10547999554056678	0.49058863520622253
78.0	0.12478084781392106	0.10546245937386343	0.4905898869037628
78.0	0.12476125128116262	0.1054441598359867	0.49058932065963745
78.0	0.12474390183632816	0.10542667509164719	0.4905891716480255
