acc	dc0_val	dc1_val	loss
50.0	0.033365870968213765	0.04661144098476793	7.036820650100708
50.0	0.0031016820347151107	0.008272291622368429	6.978101909160614
49.8	0.028555659778767017	0.04562994880441087	7.072773277759552
49.7	0.014335615578784584	0.026343980541775933	6.959161937236786
50.0	-0.00044278194702954756	0.003126672314574051	6.448025047779083
74.1	0.010282646803223322	0.007056426439304324	5.722683668136597
67.1	0.0014626555684665926	0.00042364047296019366	5.811021029949188
66.1	0.0001426897634272136	0.003332288899639877	5.759800016880035
65.9	0.0019242509769430583	-0.00030109792014763225	5.688575088977814
60.7	-0.000566819580942329	-0.0001556216796230195	5.51081508398056
61.1	-0.001001053453100046	0.0007742728952170485	5.342005401849747
67.9	-0.00048334560819385925	-0.0003412318108377199	4.970687448978424
74.5	0.0007009079310632638	-0.0005751091261950961	4.467976331710815
71.9	-0.00026228747785134876	-0.0005477326228539087	4.567669332027435
73.1	0.0009084345248153899	-0.0005149961789866111	4.395280808210373
74.0	0.0008112125234267139	-0.0007181626014780436	4.401687771081924
74.6	0.0019993852313765336	-0.0006997909246324045	4.2380174696445465
73.1	0.0011816928362511278	-0.0008712259966013306	4.518586605787277
72.7	0.0021354832645861955	-0.0008171219580588232	4.501800924539566
74.3	0.0012929351403902364	-0.0008346185298577475	4.171177625656128
73.0	0.0006865331966063369	-0.0007946425920659674	4.493914633989334
75.5	0.002183217877409141	-0.0007576810061970581	3.954117327928543
76.0	0.0007435588406366667	-0.0008178520268416584	3.8836643397808075
76.1	8.509364331435336e-05	-0.00048564547070532226	3.875979870557785
76.4	0.0011882359794742096	-0.0008730339339569588	3.713807553052902
75.5	0.0012607771508929338	-0.0008743003346016647	3.8996019661426544
74.7	0.0008241646052404935	-0.0008003757849365249	3.912645071744919
75.3	0.0006692459864854665	-0.0007460631842370063	3.915361762046814
75.2	0.0022678969914063916	-0.0008408364202533635	3.750944346189499
74.1	0.0018149631941796922	-0.0008919188652957639	4.227818310260773
80.0	-0.00037042814109633536	-4.316026146429814e-05	3.512742519378662
83.1	0.001382461965738573	-0.0008155228446179467	3.170809119939804
80.9	0.0014377188090448241	-0.000809276056075481	3.3274739384651184
79.2	0.0019436202383614194	-0.0008696692957450282	3.5324040055274963
75.5	0.00140687263215482	-0.0007862823195717948	3.9186877012252808
74.5	0.0005154167780886446	-0.0005205480902375005	4.068641155958176
75.1	0.001979907275518702	-0.000818751440086144	3.814016819000244
75.7	0.0018647300825470107	-0.0008128157941279032	3.6789133548736572
75.7	0.0025720494788286684	-0.0008211384627894148	3.6383470594882965
76.2	0.001612484463120385	-0.0007846310150203097	3.589085668325424
76.4	0.0011713131401216582	-0.0007129390293978491	3.509341150522232
75.5	0.0029029030945638187	-0.0007304739263250846	3.5065457820892334
76.8	0.0008265997366053873	-0.0005890529401932337	3.6130118668079376
77.8	0.003360981546487974	-0.0006511912659469124	3.3979731500148773
76.8	0.002847428431290091	-0.000724023774382944	3.4939149916172028
76.8	0.0028432376734379124	-0.0007775579677653806	3.4641879498958588
76.4	0.001967789994911803	-0.0007581858193391028	3.483469158411026
76.3	0.00211460506585208	-0.0007590872708149062	3.489655911922455
75.9	0.003095175491234517	-0.0006946136821011847	3.49108350276947
75.9	0.002476890032747137	-0.0007225913412650285	3.6207787692546844
76.3	0.002228394891018246	-0.0007376908625988679	3.479356497526169
76.4	0.0017906167945340734	-0.000655118419312785	3.4961871206760406
76.7	0.002145110657693526	-0.0006560560160440554	3.4130939245224
76.6	0.0032082498944132885	-0.0006117567520744216	3.432255834341049
76.4	0.002062265645439273	-0.0006081922321030975	3.4598034024238586
76.2	0.002118328749721891	-0.000637139802742852	3.4176310300827026
76.4	0.0018837138509174463	-0.0006521209753359067	3.4102516770362854
76.8	0.002171932986677953	-0.0006494138462923566	3.4031229615211487
77.5	0.0025565711004630794	-0.0006710402133021623	3.3322600722312927
77.2	0.0023362583596517757	-0.0006549052607015118	3.370282918214798
76.6	0.002299759344259495	-0.0006238125884019907	3.3688095211982727
76.1	0.0021080331679319826	-0.0006064547925200827	3.388276517391205
76.9	0.002716476933198093	-0.000585294658392568	3.3635992109775543
76.6	0.00421297193354692	-0.0004212282593258918	3.343585729598999
77.1	0.0027171594020435415	-0.0005262913430934263	3.3338964581489563
77.2	0.003688784077922747	-0.0004632244904211356	3.336478054523468
77.5	0.0036922241812501772	-0.00041326636825934156	3.3143695294857025
77.3	0.004245115255730466	-0.0005419905830964454	3.321774482727051
76.9	0.0020533878985500255	-0.000575968664151757	3.3688787519931793
76.4	0.0017874917490906593	-0.0005471826910056088	3.373996138572693
76.2	0.0025079547643785363	-0.00045249758045055546	3.3702105581760406
76.3	0.001546900551703622	-0.0004836004078361003	3.4071711897850037
76.6	0.0026725754753431125	-0.00046851137725100687	3.376951426267624
76.3	0.0014122324581447782	-0.000438816680800152	3.412747800350189
76.5	0.003341525731671398	-0.00044515410882913674	3.3498626053333282
76.7	0.0023047281657292756	-0.0003931930163365498	3.3455387353897095
76.8	0.002468301614620901	-0.0005704358854518178	3.351755678653717
76.8	0.0033079795147006176	-0.0005074648006204662	3.3294386863708496
76.9	0.002545086622796345	-0.0005598362612828527	3.338943898677826
76.6	0.001326029442798536	-0.00041339335246428017	3.3548112213611603
76.5	0.002067735174005285	-0.00048316634249140296	3.355164259672165
76.5	0.003910578862077549	-0.00046354965817918645	3.3464671075344086
76.5	0.0032065765015351876	-0.0005374224889199826	3.322793871164322
76.6	0.0018780465937408785	-0.0004646628705044983	3.3473815619945526
76.6	0.0023243209314377203	-0.0005086536725508202	3.339467704296112
76.8	0.0019386626760210315	-0.0005088596578263077	3.3462548553943634
77.1	0.0023237201833651985	-0.0005333187900242549	3.3166630566120148
76.6	0.0022019419832778058	-0.0004527017131683302	3.351549804210663
76.8	0.0018966113261651024	-0.0004198097663035595	3.349535048007965
76.7	0.0018609376661265196	-0.00046519516009050493	3.338620275259018
76.7	0.0017598524936995404	-0.00039694305288755493	3.344569057226181
76.6	0.003496275287583493	-0.0005548848397932143	3.3204398453235626
76.6	0.002745959240957944	-0.0004964554762790104	3.317004919052124
76.6	0.002346625331632913	-0.00041569495119807667	3.33672958612442
76.7	0.0023173413427833496	-0.0005325046874978559	3.3382985293865204
76.7	0.0029299508772482326	-0.0005421647487279663	3.3341293334960938
76.7	0.0025293363982246612	-0.0005128084233067742	3.326975256204605
76.8	0.0020282195561598148	-0.00041529940670647936	3.3366914093494415
76.6	0.0017880932455765885	-0.0004640974851315293	3.33875772356987
76.9	0.0024760976664165123	-0.00045484219157206475	3.3204598128795624
