acc	dc0_val	dc1_val	loss
50.0	0.23436194434901406	0.2597046977886394	0.692715585231781
50.0	0.11358578204253951	0.13390147798492497	0.6917329430580139
50.0	0.06933407729232173	0.08456880530530357	0.6906186938285828
50.0	0.04902495609598514	0.060710406379099746	0.6896433234214783
50.0	0.03796972010310909	0.04689862899207787	0.6887486577033997
50.0	0.031187219648869408	0.03798049164380852	0.6877521872520447
50.0	0.026735015332886677	0.03180186721540511	0.6866676211357117
50.0	0.02361345245424726	0.027258858075957956	0.6854850053787231
50.0	0.021277957943924775	0.023810968768882897	0.6842365860939026
50.0	0.019435656099158052	0.021151451676457583	0.6829031109809875
50.0	0.017941789383808224	0.01912454277147885	0.6814783215522766
50.0	0.016726453937549648	0.01754011686415907	0.679967999458313
50.0	0.0157373693640653	0.01624223890590264	0.6783707141876221
50.0	0.014968105143719813	0.015179161216395308	0.676683247089386
50.0	0.014364156371360662	0.014301684947330992	0.6748955845832825
50.0	0.01388063547453395	0.01358735365852578	0.6730086207389832
50.0	0.013483286764697427	0.012997977558679026	0.671005129814148
50.0	0.01316581085653507	0.01250641510452798	0.6688948273658752
50.0	0.012918565490240704	0.01209780591762337	0.6666681170463562
50.0	0.012736623830174798	0.011760686020843788	0.6643221974372864
50.0	0.012629291791458183	0.011494145284432197	0.6618620753288269
50.0	0.012592181590315412	0.011286258024065594	0.6593083143234253
51.0	0.01261232101024803	0.011118119384814197	0.6566402912139893
52.0	0.012673888451010662	0.010980218945097016	0.6538659334182739
53.0	0.012755067721250153	0.010857374857134864	0.6509753465652466
54.0	0.01284237077474312	0.010748725899180958	0.6479794979095459
55.0	0.012924210818543625	0.010647750916808722	0.6448696255683899
56.0	0.013003418653342235	0.010554337752169143	0.6416237950325012
57.0	0.013078363996212641	0.010471958669785404	0.6382589340209961
58.0	0.01314367295647035	0.01039621697102236	0.6347759962081909
59.0	0.013206062495406675	0.010330341623056735	0.6311726570129395
60.0	0.013266274723747133	0.010276578215609998	0.6274219155311584
60.0	0.013318847579106709	0.010235403319178235	0.6235480308532715
61.0	0.013366826578500477	0.010207297708460622	0.6195406913757324
61.0	0.013409884079086502	0.010188002743228562	0.6154054403305054
62.0	0.013445255872932108	0.010178092250208638	0.6111351847648621
63.0	0.013481047220959459	0.010177393293511796	0.606758713722229
63.0	0.013509825544231965	0.010177714077443799	0.6022335290908813
64.0	0.013534958990589038	0.010180573234408154	0.5976600050926208
65.0	0.013556907190136934	0.010186705278080977	0.5929412841796875
66.0	0.013576059845585879	0.010194755575779953	0.5881210565567017
66.0	0.013590931792888297	0.01020825927805082	0.5831703543663025
66.0	0.013605753600883695	0.010220786485516444	0.5781656503677368
67.0	0.013620851479637335	0.010232101417935147	0.5730957388877869
67.0	0.013641822093433259	0.010244327379266414	0.5679209232330322
67.0	0.013662654451933421	0.010250836726554673	0.5627726316452026
68.0	0.013689048983600145	0.010255416735870755	0.5575295090675354
69.0	0.013713780558870993	0.010257213225573089	0.5523409247398376
69.0	0.013740035821360205	0.010257647504956254	0.5471799373626709
69.0	0.013764473490610116	0.010256206566495368	0.5420979857444763
69.0	0.01378313927706347	0.010248280171980607	0.5370705127716064
70.0	0.013802021060979176	0.01023909128503751	0.5321941375732422
70.0	0.013812436526300542	0.010221247038753736	0.5273668169975281
70.0	0.013820200651237303	0.010199716028570399	0.522795557975769
70.0	0.013820309114488118	0.010169950543330497	0.5182852149009705
71.0	0.013815663325826174	0.010134636535899062	0.5140743255615234
71.0	0.013802914041812586	0.01009219304935591	0.5099578499794006
71.0	0.013784080739354271	0.010046700529138992	0.5060357451438904
72.0	0.01375803547753956	0.00999520106154919	0.502226710319519
72.0	0.013724929380681237	0.009936615756382867	0.49866098165512085
72.0	0.013685362230178875	0.009873808244715057	0.4952753186225891
72.0	0.013637721472261922	0.009805315387505523	0.49207064509391785
72.0	0.01358173176418717	0.009730540038353917	0.48898202180862427
73.0	0.013519070079231392	0.009653109889583735	0.4861304461956024
73.0	0.013451565937244626	0.009570667027864787	0.4834274649620056
73.0	0.013375536615443223	0.009484793863125281	0.48082661628723145
73.0	0.0132901796862428	0.009394276199909573	0.4781925678253174
73.0	0.01319775369897383	0.009299044541495773	0.47581183910369873
73.0	0.013098482249884486	0.009201637553199584	0.4734310507774353
73.0	0.012989439368719232	0.00909812455383272	0.4712173640727997
73.0	0.012873461008592295	0.00899233571771213	0.46904632449150085
74.0	0.012748726372056353	0.008885190805148626	0.46678951382637024
74.0	0.01261711606876873	0.008775753552326782	0.4645961821079254
74.0	0.012477718659412008	0.00866414988613083	0.46241307258605957
74.0	0.012329851685531518	0.008548435872015883	0.4602797329425812
74.0	0.01217444770148799	0.00843119045369949	0.4582296907901764
74.0	0.012010961857943632	0.008311765929742688	0.4560891091823578
74.0	0.011840464776434408	0.008191150575669553	0.4540669918060303
74.0	0.011662331962672577	0.008068053511038812	0.45200005173683167
74.0	0.011477310276582602	0.007942943892346125	0.45009592175483704
74.0	0.011286571256800484	0.00781797756408121	0.44806966185569763
74.0	0.011090709567499659	0.007692645635808955	0.4460645914077759
74.0	0.01088998796496949	0.007566285269546656	0.4441772401332855
74.0	0.010685608851778182	0.0074413270191064085	0.44227486848831177
74.0	0.010477052825694437	0.007313303785539594	0.4403933882713318
74.0	0.010266554554537104	0.007187374845521819	0.4383945167064667
75.0	0.010052545793930927	0.007060431920087455	0.4365183115005493
75.0	0.009840855418983888	0.006936371124614057	0.43461278080940247
75.0	0.00962839150106923	0.0068134596177725605	0.4327155649662018
75.0	0.009418356001738683	0.006692823673933929	0.43085771799087524
75.0	0.00921064885251457	0.006574292090916656	0.4291103780269623
75.0	0.009006609768302355	0.00645697978135832	0.4272846579551697
75.0	0.008806404262129523	0.006343698454221777	0.4254387617111206
75.0	0.008612655092392863	0.0062331322516496045	0.4236288070678711
75.0	0.008423718017700166	0.006125342942854491	0.42190513014793396
75.0	0.008242657855198666	0.006021000331305909	0.4201621115207672
75.0	0.008068280793467513	0.005921554951608235	0.41866275668144226
75.0	0.007901965166072814	0.0058259823463358935	0.4171277582645416
75.0	0.007743157385922894	0.005734285388385612	0.4157272279262543
75.0	0.007595281937789719	0.005646630674260676	0.4143482446670532
