acc	dc0_val	dc1_val	loss
50.0	0.21324684288485315	0.2037360343377547	0.6923981308937073
50.0	0.10730943050288388	0.09622220953793488	0.6917830109596252
50.0	0.06044414771997634	0.05053981885400357	0.6910980939865112
50.0	0.037773001491942675	0.02910008086639698	0.6903727054595947
50.0	0.025674935828648566	0.017936491241524688	0.6896507740020752
50.0	0.018667894346410033	0.011648175769468277	0.6889307498931885
50.0	0.014321379375365212	0.007852469328276351	0.6881722807884216
50.0	0.011489395537189416	0.005451873776714077	0.6873697638511658
50.0	0.00956608699710272	0.003871131214133256	0.6865289807319641
52.0	0.008206005341142733	0.002797603831145341	0.685638964176178
58.0	0.007211208720369589	0.0020388310572139953	0.6846828460693359
62.0	0.006462831824909186	0.0014767540145586783	0.6836440563201904
66.0	0.005881703180548777	0.0010528773785365502	0.682510256767273
68.0	0.005419214028916956	0.0007248445299278997	0.6812695860862732
69.0	0.0050413331991851626	0.00046510313914095296	0.6799101829528809
71.0	0.004733155401097341	0.0002599103926306012	0.6784189343452454
72.0	0.004474352204130158	0.00010176776023835705	0.6767885088920593
73.0	0.004252876673411439	-2.0431754080594908e-05	0.6750056147575378
73.0	0.0040598940087862205	-0.00011285811905517472	0.6730639934539795
74.0	0.003895350721113031	-0.0001826673307663832	0.6709579229354858
74.0	0.003755130096612801	-0.00024194448869965611	0.6686861515045166
74.0	0.0036297920513339603	-0.00028912267316355035	0.6662464737892151
74.0	0.003521635148933905	-0.00032923028576814685	0.6636425852775574
75.0	0.0034277849210996	-0.00036174148483554243	0.6608741879463196
75.0	0.003345201115478685	-0.00038821061430103755	0.6579493284225464
74.0	0.003274009474266471	-0.0004058417118175558	0.6548733115196228
74.0	0.003217163990844966	-0.0004184976023717409	0.6516522765159607
74.0	0.0031710169899658866	-0.00042742464106078083	0.6482927799224854
74.0	0.00313003118574817	-0.0004325623706676277	0.6448042392730713
74.0	0.00309567381752908	-0.00043546076407128187	0.6411959528923035
74.0	0.0030645673975438392	-0.00043597965609262204	0.6374770998954773
74.0	0.0030383735310254563	-0.0004349566490052288	0.6336551904678345
74.0	0.0030119688637706673	-0.0004328828779435843	0.6297374367713928
74.0	0.0029854383035503368	-0.00043076750175440477	0.6257290244102478
74.0	0.0029597259016147823	-0.0004296422513828724	0.6216425895690918
74.0	0.002935646599229902	-0.00042868341033677233	0.6174809336662292
74.0	0.002912887590132065	-0.0004278994367259714	0.6132540106773376
74.0	0.0028916522224565508	-0.00042733605290156437	0.6089686155319214
74.0	0.0028718500329077304	-0.00042726569406418066	0.6046382188796997
74.0	0.0028541576825262733	-0.00042709902009014343	0.6002715229988098
74.0	0.002837943063762052	-0.00042697849355000225	0.5958780646324158
74.0	0.002822704132173004	-0.00042691133692209404	0.5914733409881592
74.0	0.0028083322869723493	-0.00042676615453899366	0.5870616436004639
73.0	0.0027952774716898565	-0.0004264371600664677	0.5826660990715027
73.0	0.0027836732960987457	-0.00042600295038944957	0.5782961845397949
73.0	0.0027732647779448306	-0.00042538232933108354	0.5739675760269165
73.0	0.002764423648261741	-0.0004248043630103268	0.5696947574615479
73.0	0.002756712304715052	-0.00042390013053700444	0.5654946565628052
73.0	0.0027500907722880384	-0.00042312111216964005	0.5613817572593689
73.0	0.002744617894805677	-0.00042200479072792093	0.5573692917823792
73.0	0.0027403969509882317	-0.00042098719662816796	0.5534772276878357
73.0	0.002736819494632946	-0.0004198441652324169	0.5497152805328369
73.0	0.002734200670766189	-0.00041869553515489546	0.5460968017578125
73.0	0.002732568210491402	-0.000417398592326146	0.542632520198822
73.0	0.002731586424467691	-0.0004161147899821212	0.5393370389938354
73.0	0.002731059449811693	-0.000414963013248583	0.5362150073051453
73.0	0.0027311224319117233	-0.0004139295898462123	0.5332843065261841
73.0	0.002731688009509153	-0.00041295251821619284	0.5305401682853699
73.0	0.0027323663766535776	-0.0004122037844846179	0.5279927253723145
73.0	0.0027335479827291817	-0.000411622921190721	0.5256425738334656
73.0	0.00273505991081126	-0.0004113046560495737	0.5234851241111755
73.0	0.0027364915787943833	-0.0004112276426400318	0.521527886390686
73.0	0.0027380389776861325	-0.0004113347134987895	0.5197656750679016
73.0	0.00273969213451345	-0.0004117071555562162	0.5181849002838135
73.0	0.0027413246724144647	-0.000412387037051141	0.516773521900177
73.0	0.0027429889336130667	-0.0004134010758966634	0.5155190229415894
74.0	0.002744425976600689	-0.00041476401139075935	0.5144187211990356
74.0	0.0027457399343926653	-0.0004164652708592247	0.5134577751159668
74.0	0.0027469713310900685	-0.0004185870802781741	0.5126129388809204
74.0	0.0027477586389182073	-0.0004210021948522878	0.5118595957756042
74.0	0.0027482421908256636	-0.0004238003754740206	0.5111926794052124
74.0	0.0027483177674571292	-0.00042697702722720453	0.5105929374694824
74.0	0.00274809807582615	-0.00043054232967116326	0.5100393891334534
74.0	0.0027472872735625465	-0.0004345060824425003	0.5095317959785461
74.0	0.002745980751403439	-0.0004387837795274897	0.5090404748916626
74.0	0.0027441470270683312	-0.00044348366717827264	0.5085435509681702
74.0	0.0027418480554886266	-0.0004485176784712311	0.508023202419281
74.0	0.002738903970430043	-0.00045388248704489743	0.5074705481529236
74.0	0.0027353067052725212	-0.00045959558413905693	0.506860613822937
74.0	0.002731182885439688	-0.0004657513950897785	0.5061771273612976
74.0	0.002726381801066247	-0.0004721427515105567	0.5054006576538086
75.0	0.0027209254712800644	-0.0004788474127997603	0.5045313239097595
75.0	0.002714973508745173	-0.00048581037965364	0.5035821199417114
75.0	0.0027083360236757103	-0.0004929703803998878	0.5025262236595154
75.0	0.0027012982678421915	-0.0005003514239854991	0.5013511776924133
75.0	0.0026937914183378497	-0.0005078885176802892	0.5000548958778381
75.0	0.002685947877565701	-0.0005154693755876327	0.49864864349365234
75.0	0.0026776028129264855	-0.000523271005480767	0.4971230626106262
75.0	0.002669127866300845	-0.0005309869114177514	0.49550288915634155
76.0	0.002660291299437913	-0.0005388198944874148	0.4937748312950134
76.0	0.0026512648452198255	-0.0005465546995264587	0.49195969104766846
76.0	0.00264204736216676	-0.0005542388131974955	0.4900209605693817
76.0	0.002632794201022363	-0.0005619316031928413	0.48799026012420654
76.0	0.002623462859470773	-0.0005695207541101768	0.4858652353286743
76.0	0.0026141276000390696	-0.0005770075844332308	0.4836443066596985
76.0	0.0026048731959067766	-0.0005842882139398883	0.48133906722068787
76.0	0.0025956984645879844	-0.0005914119232267262	0.4789615571498871
76.0	0.002586712700399591	-0.0005984138444929923	0.4765298366546631
76.0	0.002577883113717853	-0.0006050732361789923	0.47406336665153503
76.0	0.0025691511805174248	-0.0006115346585745126	0.471572607755661
