acc	dc0_val	dc1_val	loss
50.0	0.3727171747560593	0.44131829833034575	0.6875471472740173
50.0	0.35925072955880516	0.4209762714118511	0.6861975193023682
50.0	0.3435969243558331	0.3997087903236836	0.6847334504127502
50.0	0.327492436899368	0.37389747693683517	0.6830920577049255
50.0	0.3138756444627358	0.34734847471581337	0.681174635887146
50.0	0.3026712931230571	0.32310533871262226	0.6789723634719849
50.0	0.29511957259562405	0.3047075963367503	0.6767750978469849
57.0	0.2898274731451101	0.29141747091520415	0.6744726896286011
62.0	0.28610111544611166	0.2824289524224507	0.6720167398452759
68.0	0.28065595509368396	0.2751640129506714	0.6694615483283997
72.0	0.2745127489919228	0.2691501633945659	0.6668708324432373
75.0	0.2682997452047486	0.26329980018574783	0.6642366051673889
78.0	0.26171834016547757	0.25707171242895643	0.6615485548973083
81.0	0.2547820490765874	0.2503758207934223	0.6587774753570557
83.0	0.24886146707119508	0.24385740185839552	0.6560133099555969
83.0	0.24517061586604155	0.23777187569242283	0.6531264781951904
83.0	0.24332450699511943	0.23260916850967006	0.6500989198684692
83.0	0.2420246369104458	0.22889629545354498	0.6469852328300476
83.0	0.2406236164132854	0.22620062745394903	0.6438091397285461
83.0	0.2388987892532466	0.22337622498146825	0.6405543684959412
83.0	0.23697680222006307	0.2203177975108016	0.6372120380401611
83.0	0.23448906463588523	0.21700224338917543	0.633745014667511
83.0	0.23216112660548655	0.2141181304225337	0.6301628947257996
82.0	0.23087010567423463	0.21171552828427764	0.6263315677642822
82.0	0.23083929567742614	0.20983041875423072	0.6222540736198425
82.0	0.23184547321751764	0.20826325170922516	0.6180562376976013
82.0	0.23305612782741322	0.20648974596347996	0.6137057542800903
82.0	0.233920114851011	0.204587957497221	0.6092478036880493
81.0	0.23446051186452438	0.20284071879475887	0.6046567559242249
81.0	0.23340793659769168	0.20038111057642832	0.5998648405075073
82.0	0.23100837089160123	0.19766748402632625	0.5948541760444641
82.0	0.22778693262197133	0.1948725624538495	0.5896425247192383
82.0	0.2235081690050221	0.1917879546040762	0.5844179391860962
82.0	0.2199277070437854	0.1890356770397016	0.5790530443191528
82.0	0.2167889523381012	0.18637363758217793	0.5734793543815613
82.0	0.21192702509619185	0.18308540496753858	0.5679342150688171
82.0	0.20913605723142914	0.1802626425110872	0.5622642636299133
82.0	0.20741207476988055	0.17784018866069976	0.5564308166503906
82.0	0.20605840083531604	0.17547200343771474	0.550464928150177
82.0	0.20431194476932404	0.1730064205541949	0.5445149540901184
82.0	0.2015913270133738	0.1702314768235256	0.5383773446083069
82.0	0.19840541661791694	0.16742859572092023	0.5321114659309387
82.0	0.19490979732612518	0.16457301428581947	0.5257811546325684
82.0	0.19155901697193728	0.1619341841322665	0.5194021463394165
82.0	0.18839601942926995	0.15946503391084077	0.5129680633544922
82.0	0.18558432699245975	0.15714884858363287	0.50650954246521
82.0	0.1830072007293955	0.15498984377531758	0.5000128149986267
82.0	0.1805249475889216	0.1528998267696113	0.4935031235218048
82.0	0.17791052149614872	0.1508279199162549	0.4869515299797058
82.0	0.17492891162891722	0.1487169589518425	0.48052674531936646
82.0	0.17204909241487806	0.14670229793282266	0.47411367297172546
82.0	0.1692750013972085	0.14477702568471768	0.46773257851600647
82.0	0.16677956783792738	0.1429605034352444	0.461391806602478
83.0	0.16444941623831993	0.1412040894526799	0.4551066756248474
83.0	0.16225582685642154	0.1395508613695862	0.4489048719406128
83.0	0.1601127538134008	0.13797355165741448	0.44278815388679504
82.0	0.15796645304522344	0.13637439799844805	0.43678635358810425
82.0	0.1558873171478985	0.1348139878611879	0.43089431524276733
82.0	0.1537644992898747	0.1333213557042707	0.42513900995254517
82.0	0.1518116676857738	0.13190001241175098	0.419523149728775
82.0	0.14990970182377023	0.13051340716169932	0.4141910672187805
82.0	0.14813345519329735	0.1292023968636435	0.4089849293231964
82.0	0.14645468711268383	0.12791729139442903	0.4039277136325836
82.0	0.1448337420421176	0.1267091422430845	0.3990418612957001
82.0	0.14325878821170857	0.12548743340699428	0.3943212628364563
82.0	0.14165583951346605	0.12431226062637778	0.3897610902786255
82.0	0.14009858296847555	0.12314144233035179	0.3853755593299866
82.0	0.13860046683438576	0.12196171726428387	0.3811652362346649
82.0	0.1371548668362028	0.1208017773369374	0.3770940601825714
82.0	0.13577662945141794	0.11966199348687341	0.3733330965042114
82.0	0.13450866032954423	0.11857881179612909	0.3697566092014313
82.0	0.133273202019352	0.11749505434081886	0.36634936928749084
82.0	0.13211950644546758	0.1164378620525519	0.36310821771621704
82.0	0.13095227569541343	0.11535733657664199	0.360029011964798
82.0	0.12979238703878013	0.11430107160607995	0.3571116626262665
82.0	0.12862203204936984	0.11323612183402236	0.3543385863304138
82.0	0.12745526387698025	0.11213884353856059	0.3516976237297058
82.0	0.12628855076030415	0.1110306240823341	0.3491918444633484
82.0	0.12512901668746826	0.10992481882360038	0.34680676460266113
82.0	0.12399174576840961	0.10881380073602409	0.34454110264778137
82.0	0.1228569778441802	0.1077293853974692	0.34238672256469727
82.0	0.12172761428377304	0.10663534842850257	0.3403366208076477
82.0	0.12060957803475984	0.10553331649812335	0.33838483691215515
82.0	0.1194674794994701	0.10445502887907612	0.3365199863910675
82.0	0.11831506873928689	0.10337139522541362	0.334739625453949
82.0	0.11712336195828044	0.10226959730336714	0.3330334722995758
82.0	0.1159109601223536	0.10114455098673947	0.3313971161842346
82.0	0.11469332979627132	0.10000298126058621	0.32982221245765686
83.0	0.11342603571174237	0.09887659106740625	0.32830336689949036
83.0	0.11212124119533746	0.09774935648922554	0.32683494687080383
83.0	0.11078877778869198	0.09661763383659472	0.32543009519577026
83.0	0.10939848612544151	0.0954357181365442	0.3240720331668854
83.0	0.10805583956173191	0.09428207332063283	0.3227638602256775
83.0	0.10670816418536493	0.0930892842414101	0.32148477435112
83.0	0.10537132070838898	0.09190096430557375	0.3202308416366577
83.0	0.10402150259940976	0.09069866283920627	0.3189986050128937
83.0	0.10264263550407314	0.08948134419501205	0.31777992844581604
83.0	0.10126436772151165	0.08823935715495651	0.3165748417377472
83.0	0.09985208468745928	0.0869759434076005	0.31537890434265137
83.0	0.09841513453027126	0.08570809985042456	0.3141885995864868
