acc	dc0_val	dc1_val	loss
83.2	0.005598055077101679	0.004574258720028906	6.751928806304932
82.8	0.005189641308453357	0.004236487591001405	6.529393494129181
80.5	0.021118417272146445	0.02040278706924724	6.339563429355621
83.2	0.0041982506667501964	0.000511179967711362	5.9824864864349365
81.5	0.007829032982199597	0.005911268259927505	5.631034076213837
82.0	0.003616200632172301	0.0010979214997956146	5.156152904033661
80.7	0.0013240658299233045	0.0003630588613129766	4.832364469766617
80.9	0.0019466579838339846	-0.0005154388032011266	4.522858709096909
81.4	0.0029099579805736326	-0.00021769199608816705	4.296459972858429
82.0	0.0031292938637510386	-0.00011803819063609565	4.140387088060379
82.7	0.003505058808567242	-0.00025958641359105666	3.963472753763199
83.6	0.002594554038659281	-0.0005543362525835091	3.8000577092170715
83.6	0.007588583695160444	0.0013901863089325138	3.6389020681381226
83.5	0.006093719371380674	-9.818781493135619e-05	3.6275422275066376
83.5	0.00638551598725597	0.0003633044948027173	3.5482051372528076
83.8	0.006555066048502482	0.0010023506585982818	3.414779543876648
83.5	0.005439069354421006	0.0004855762737269014	3.3853751718997955
83.7	0.0038952286102049965	-0.0005047162495673426	3.393261820077896
83.4	0.006763994170072601	9.992556312367027e-05	3.422093838453293
82.7	0.01248096643947603	0.0013536856334595742	3.319404661655426
82.9	0.009299690735205288	0.001069605593105677	3.2464954257011414
82.3	0.017723363828853866	0.0036406882584573345	3.2478283047676086
82.6	0.009055573822309072	0.0010415493389540117	3.166071832180023
82.6	0.012601145874095545	0.0026746864814540146	3.092346638441086
83.5	0.012006648843978457	0.0025756268879248887	3.004738539457321
83.6	0.016170500027162273	0.003633771447452741	2.9951441138982773
82.8	0.021325659899954927	0.002985324103598341	2.9936540722846985
84.4	0.014919162701655402	0.004717424246867696	2.8348976969718933
83.1	0.01049993583453354	0.0007175030861877483	2.9125558733940125
83.3	0.012350020444841283	0.0017886242253594901	2.9032639265060425
83.3	0.012444558623275401	0.0009654819311947042	2.9025823175907135
83.7	0.010610419197110659	0.001607571203369267	2.8812174201011658
82.4	0.0160224713547055	0.002588429377452841	2.954246312379837
82.8	0.0247109555165798	0.007437589035917709	2.963931903243065
82.3	0.029682570389638525	0.007934657919355693	2.922024965286255
83.8	0.032385613902135534	0.010400024955815004	2.8265770971775055
85.2	0.030832018298167445	0.009801745413285164	2.691401422023773
83.9	0.02732804572138183	0.00846921754505049	2.7745536416769028
84.0	0.025311129695973236	0.007608833711880056	2.7262922674417496
82.2	0.03484393892404848	0.00921582270955741	2.8578369468450546
83.5	0.018275215894942395	0.0036827259691584423	2.7313211262226105
83.1	0.02352074618400619	0.005933911265635195	2.7784630358219147
84.7	0.012104578976015568	0.001904464900761708	2.6875829845666885
85.9	0.020466924701673286	0.005891845655723784	2.5651519149541855
85.4	0.024632693879554496	0.004589483954053699	2.6024491041898727
87.7	0.022392941143058388	0.006124234983740977	2.4572660475969315
85.8	0.018847152830863582	0.0032910422202679993	2.6069719195365906
86.1	0.028284047670301394	0.008410705640097842	2.5554394274950027
87.3	0.02571373866508235	0.007714735303770461	2.464120864868164
84.2	0.03703136649056903	0.007134987832636752	2.690608650445938
84.3	0.0758113874758088	0.02413177259812067	2.664530470967293
87.4	0.0680484358270163	0.024964117438425065	2.436940997838974
84.3	0.05146045702749267	0.01563499183545679	2.6390049755573273
84.7	0.036298421564862744	0.009919740369176948	2.5930817425251007
85.3	0.09344218277831236	0.03111629188072791	2.5638315975666046
85.4	0.05043388050798602	0.017383715309282455	2.6320254504680634
84.3	0.07607892241301378	0.026072223416248964	2.6257979571819305
84.4	0.056294872343301376	0.010346575667967258	2.612773284316063
84.8	0.022571716399906416	0.004861335461270328	2.6151394695043564
83.4	0.061844348436778857	0.022990992672716447	2.7357477843761444
84.9	0.05931576904223725	0.01808813770238784	2.6876170933246613
84.3	0.05995759003534543	0.02129717730837456	2.6467989683151245
86.8	0.046048347095092604	0.012671105321816754	2.470728784799576
85.1	0.051593297667221906	0.017629307435413778	2.615354761481285
85.3	0.11636078380547132	0.045459145365711454	2.566556826233864
85.6	0.12797381630953825	0.04579218830168028	2.5216745287179947
85.4	0.06884808886652961	0.023583923362740265	2.4903248250484467
83.7	0.07787376660102528	0.028333595673693066	2.7178796231746674
84.5	0.1442889405064813	0.05347274453873683	2.620210647583008
84.1	0.07356283174391683	0.02242075975142087	2.6087590605020523
85.0	0.0254401015889955	0.004770678300430981	2.519419848918915
84.2	0.08848568261077211	0.029118721402696314	2.58182255923748
82.1	0.1548271286764859	0.05770794612656334	2.7407706677913666
85.9	0.08862076174195654	0.03187476749809739	2.477432057261467
83.4	0.2155795917704374	0.07741183570405427	2.713500440120697
84.3	0.1470706070905824	0.04210901358452747	2.589767023921013
85.1	0.11953785890450006	0.0458441892978143	2.571496531367302
85.3	0.041135897860506115	0.01163373735053584	2.5321003645658493
85.8	0.03242213725669995	0.007158310587349629	2.4898627251386642
85.2	0.11800657045435828	0.04610953104970528	2.5198109298944473
84.5	0.07508493329000945	0.02360732766413807	2.6473022252321243
86.0	0.09654140177268337	0.03673850476528778	2.439294755458832
85.1	0.07405934327308865	0.02663875148211453	2.5189775973558426
83.9	0.07882457233294782	0.029224141420837232	2.6083959490060806
84.7	0.12718898196581202	0.05059399707873072	2.6235152930021286
83.5	0.1672105178401165	0.06460667411420894	2.6785359382629395
84.7	0.09500576304909468	0.03432184531907414	2.58528433740139
83.4	0.1707881441897236	0.06908587818588907	2.706273764371872
83.7	0.08881646620207502	0.03094438943288267	2.646969586610794
85.1	0.07013436210491195	0.024591895028799726	2.5336856842041016
84.5	0.10116826789703377	0.03756007397636957	2.596884146332741
85.2	0.09060922392174721	0.03171919442506673	2.548750400543213
83.1	0.13813910484680864	0.03853569273244484	2.697807729244232
86.2	0.06470618001454831	0.010352840042589295	2.4811778515577316
85.2	0.09937749036799545	0.027057200091366442	2.5437735319137573
84.5	0.10623586876320036	0.033009340598014275	2.652381181716919
86.1	0.07736446922310566	0.0264358298249885	2.4444168359041214
86.5	0.09138625991752049	0.03336558708758377	2.4064761996269226
86.9	0.04999286315250922	0.014921296003334942	2.3735413998365402
85.6	0.09484588284927864	0.03157261904508919	2.4866807013750076
