acc	dc0_val	dc1_val	loss
50.0	0.3706164552158193	0.4340879480583969	0.6891732215881348
50.0	0.39076290351241044	0.4461617717585044	0.6868638396263123
50.0	0.39879806885633423	0.4557228854545618	0.6846737265586853
50.0	0.40094479752903417	0.46039942506149417	0.6825922131538391
50.0	0.40081101864835333	0.46116218432322315	0.6803512573242188
50.0	0.40088651416881504	0.4603031329722759	0.6779361963272095
52.0	0.399483728349511	0.46106630250202885	0.6753566265106201
57.0	0.39636621255225923	0.463822258691131	0.6725892424583435
61.0	0.3911459359895832	0.4667409318594263	0.6696061491966248
65.0	0.3844014956499465	0.4687101656804263	0.6664131283760071
68.0	0.37736611720145974	0.4691486527106142	0.6629227995872498
71.0	0.3707166277134047	0.4691833091463617	0.6591825485229492
73.0	0.36332075707232786	0.4692830750208474	0.6551907658576965
76.0	0.3555216099893115	0.4701180444874658	0.6509443521499634
77.0	0.34879067864512	0.47173886413630733	0.646432638168335
78.0	0.3426130204292058	0.4718061257258076	0.6416789889335632
79.0	0.3392546279806243	0.47406731730321355	0.6365997195243835
80.0	0.33740934453774435	0.4761094138364693	0.6312776207923889
81.0	0.33722256596368394	0.4781012642098486	0.6256745457649231
82.0	0.3385175359509313	0.4797083289209887	0.6198068857192993
82.0	0.3405921221423076	0.48078908653295666	0.6136854290962219
81.0	0.34280145341161006	0.48183494455397424	0.6073352098464966
81.0	0.3449727356020723	0.48234826187243207	0.6007503867149353
81.0	0.3472949794248227	0.48204174600888694	0.593939483165741
81.0	0.3491746788524856	0.4795653641912009	0.586908221244812
81.0	0.35012806615932157	0.47400896587372016	0.5796647071838379
82.0	0.35020703068140735	0.4640232152008405	0.5722169280052185
82.0	0.34875084908765974	0.44812240418870847	0.5645756721496582
82.0	0.3473621947299889	0.425033726065188	0.556760847568512
82.0	0.34711527655180696	0.3932098761592912	0.5487744212150574
82.0	0.3488621464487685	0.3524866758196262	0.5406372547149658
83.0	0.3541989690385233	0.30435505258031487	0.5323672294616699
83.0	0.36400200567971364	0.2541446448814421	0.5239828824996948
83.0	0.3777055561092331	0.20912967397139126	0.5155080556869507
83.0	0.394114704773909	0.17308085711084165	0.5069750547409058
83.0	0.4071941083921401	0.14690428297722097	0.4983844757080078
83.0	0.40270971315334564	0.12902256095841827	0.48977991938591003
83.0	0.36058733225015455	0.11697807031703542	0.4811986982822418
83.0	0.28327573981670184	0.10917744441642105	0.4726632237434387
83.0	0.20550578851369877	0.10398683239280207	0.4641997218132019
83.0	0.15022302896785314	0.10061059975506349	0.45582911372184753
83.0	0.1173552385014314	0.09836148715374353	0.44757765531539917
83.0	0.09993283797167886	0.09696765983950298	0.439490407705307
83.0	0.09174225977958562	0.09615414154431527	0.4315808415412903
83.0	0.08880415467999088	0.0956790080808054	0.4238642752170563
83.0	0.08870567217387051	0.09547758185812039	0.41637006402015686
84.0	0.08987561379219704	0.09544868242120408	0.40911826491355896
83.0	0.09152416899672645	0.09553105691246294	0.4021218419075012
84.0	0.09324592977216621	0.09566767020562121	0.39539045095443726
84.0	0.09490093226159309	0.09582545454634316	0.38894525170326233
83.0	0.09628316420790997	0.09592265881402852	0.3827771246433258
84.0	0.09757742090732946	0.0960250453623512	0.376910001039505
84.0	0.09862843172167726	0.09612210589362385	0.37133464217185974
84.0	0.09960359061547668	0.09616443295668423	0.366054892539978
84.0	0.10035497120034789	0.0961306686902089	0.36107343435287476
84.0	0.10097752972543399	0.09611344194876165	0.35637396574020386
84.0	0.10142696544122246	0.09599155196334355	0.351957231760025
84.0	0.10178493009247419	0.09585599157080812	0.34780892729759216
84.0	0.10201139288262544	0.09567883454358227	0.3440258204936981
84.0	0.10217466993275885	0.09541606570676721	0.34055694937705994
84.0	0.10217397346003365	0.09507985044960554	0.3373890519142151
84.0	0.10211964301777204	0.09474343596439208	0.33446547389030457
84.0	0.10201857177651502	0.09436094565383935	0.3317737579345703
84.0	0.10178977845749546	0.09392072751159947	0.3292897641658783
84.0	0.10152802995742921	0.09340298045681408	0.3270246088504791
84.0	0.10118358883829617	0.09284995111285604	0.3249610960483551
84.0	0.10075153690170233	0.09224902178092566	0.32309216260910034
84.0	0.10027671457412127	0.0916014750512844	0.32138556241989136
84.0	0.09971373293495371	0.09090375672722406	0.3198377788066864
84.0	0.0991266161909459	0.09016864068637903	0.3184245526790619
84.0	0.09844840711149293	0.08938585358221035	0.31713050603866577
84.0	0.09775439614057047	0.0885629055152452	0.3159477710723877
84.0	0.09703131299379264	0.08772723330655423	0.3148336410522461
84.0	0.09627136219241046	0.0868603496053077	0.3137951195240021
84.0	0.09550550132411861	0.08597320056910879	0.3128238618373871
84.0	0.09471167649781378	0.08508571123365398	0.31190386414527893
84.0	0.09392416484633215	0.08419186746819228	0.31101587414741516
84.0	0.09314831192601009	0.08327582685060254	0.3101683259010315
84.0	0.09233306809723665	0.08236009133739251	0.30935677886009216
84.0	0.09152335193341997	0.08143625541885481	0.30857259035110474
84.0	0.09072284908231404	0.08049682021257562	0.30780982971191406
84.0	0.08991528866895734	0.07956457909987592	0.30706584453582764
84.0	0.08910131609009446	0.07862166760728934	0.30634039640426636
85.0	0.08829038993743155	0.07768723348052063	0.30562591552734375
85.0	0.08747982751653963	0.07675313331125572	0.3049205243587494
85.0	0.08666241080892657	0.07581650722233897	0.30422231554985046
85.0	0.0858463087333077	0.07488337011894713	0.30352967977523804
85.0	0.08502297689811111	0.07395110003403663	0.3028419017791748
85.0	0.08420939117870946	0.07301411097383646	0.3021543622016907
85.0	0.08338430970784999	0.07208763882755678	0.3014695644378662
85.0	0.0825601348282404	0.07116573154749121	0.3007832169532776
85.0	0.08173670135807548	0.07024452196637912	0.30009645223617554
85.0	0.08093029571208767	0.06933571786768597	0.2994065582752228
85.0	0.08010699661795481	0.0684350441689189	0.2987152934074402
85.0	0.07930601371434728	0.06754194565568261	0.29801833629608154
85.0	0.07849315190845597	0.06665583243420052	0.2973177134990692
86.0	0.0776910059515946	0.06577367789306578	0.2965052127838135
86.0	0.07691526359089944	0.06492606220513485	0.29583242535591125
86.0	0.07613787980492495	0.06410002291392232	0.29517102241516113
86.0	0.07537790246017914	0.06328978917054516	0.2944389581680298
86.0	0.07464160138731288	0.06249171458882476	0.29369625449180603
86.0	0.07390345557317714	0.06171228101459955	0.29294008016586304
86.0	0.07317346534507983	0.06093267435903446	0.2921719551086426
86.0	0.07244851596479572	0.06015956480949499	0.29138869047164917
86.0	0.07172018229388089	0.05937926741026316	0.29058560729026794
86.0	0.07098614997538695	0.058592950985052954	0.28976500034332275
86.0	0.0702564441068423	0.05779750319592395	0.28892427682876587
86.0	0.06951221139212964	0.05698058825994743	0.2880631387233734
87.0	0.06875422164857194	0.05615056055086982	0.2871761620044708
87.0	0.06796546566526433	0.055316559072773504	0.28626346588134766
87.0	0.06714304103158748	0.05448869303249238	0.285341739654541
87.0	0.06627432332968723	0.053666485207165125	0.2843855917453766
87.0	0.06537000655130215	0.05284521494309181	0.28341615200042725
87.0	0.06444760583078318	0.052039693734213216	0.2824210822582245
87.0	0.0635597769440364	0.051233885139617324	0.2813977301120758
87.0	0.06270121216814634	0.05043340440627861	0.28034886717796326
87.0	0.06188068984825694	0.04964264236246668	0.2792764902114868
87.0	0.061071660083484434	0.048863287305682485	0.2781781256198883
87.0	0.06027086161836896	0.04808481354986942	0.277058482170105
88.0	0.05948487283352975	0.047322085280011875	0.27591270208358765
88.0	0.058701820231289066	0.046565873683594335	0.27474427223205566
88.0	0.057924618219813755	0.0458199312337399	0.27355191111564636
88.0	0.057158359484654614	0.04508689038553717	0.2723419666290283
88.0	0.0564036849275091	0.04436386106951541	0.27111053466796875
88.0	0.05565438861440031	0.04364531723160004	0.26985666155815125
88.0	0.05491598924927298	0.04293636392176907	0.26858678460121155
88.0	0.054184477880233735	0.04224272006299297	0.2673090398311615
88.0	0.053474362161977734	0.04155978228620335	0.2660222053527832
88.0	0.052763793712314315	0.04088333983770029	0.26471585035324097
88.0	0.052049944853359294	0.040219740626749184	0.26339998841285706
89.0	0.05133248855959796	0.0395702194577783	0.2620687186717987
89.0	0.05062179579120931	0.038927549844958706	0.2607136070728302
89.0	0.04993230825266254	0.03829877369547082	0.25935256481170654
89.0	0.049258947146758096	0.03767641245101171	0.25796911120414734
89.0	0.04859618760362595	0.03707168551299165	0.2565642297267914
89.0	0.047947575932683395	0.03647900126809962	0.2551419138908386
89.0	0.04731024261923388	0.035896449511056965	0.25369590520858765
89.0	0.04668199723777536	0.035329517302588286	0.25223156809806824
89.0	0.04607142934871131	0.03477613464167247	0.2507508397102356
90.0	0.04547321390644653	0.03423674442558895	0.2492576390504837
90.0	0.0448884144217703	0.033713373962469255	0.2477569580078125
90.0	0.0443190072314965	0.0332013069945628	0.24624022841453552
90.0	0.04375984240774976	0.03270195439800329	0.24470853805541992
90.0	0.043212784347865366	0.03221638235457105	0.24316127598285675
90.0	0.04267346179213532	0.0317390990788094	0.24160084128379822
90.0	0.04214636279845006	0.031273911178227524	0.24002620577812195
90.0	0.04163046723934025	0.03082005315261031	0.2384401261806488
91.0	0.04112459635659476	0.030377214913580735	0.2368461787700653
91.0	0.04063008118465415	0.02994461799797607	0.2352394014596939
91.0	0.04014656778258298	0.029521395419835506	0.23362083733081818
91.0	0.03967766921182875	0.02911250102996689	0.23199708759784698
91.0	0.03921437693788659	0.02871323230679382	0.23037166893482208
91.0	0.03876600848951019	0.028327163563647024	0.22874347865581512
91.0	0.03833155923712435	0.027950477398889263	0.2271171361207962
91.0	0.037908456512760244	0.027588716477113296	0.22549788653850555
92.0	0.037494877067304096	0.027237176658164337	0.22388017177581787
92.0	0.037090871921556016	0.026892858820670044	0.22227096557617188
92.0	0.03669938519966208	0.026563395387200556	0.22067026793956757
92.0	0.03631691101712239	0.02623924304255792	0.2190832644701004
92.0	0.03594585449600867	0.02592774569882219	0.21750694513320923
92.0	0.035585891199022814	0.025624524603572365	0.21594752371311188
92.0	0.03523620265042797	0.025332579376011098	0.21440091729164124
92.0	0.0348973985535004	0.02504837111370852	0.2128782868385315
92.0	0.03456951004831785	0.024772225108548904	0.21136529743671417
92.0	0.03424918048601653	0.02450735946284711	0.20987659692764282
92.0	0.03394630113428895	0.024253076198068765	0.20840689539909363
92.0	0.03365146847283817	0.02400777014226236	0.20696979761123657
92.0	0.03337056836028563	0.02376966831091321	0.20556098222732544
93.0	0.03310157192093044	0.02354235699432424	0.20417539775371552
93.0	0.032840963628295985	0.023322613804057778	0.2028147429227829
93.0	0.03259528304489083	0.023113643034780293	0.20147305727005005
93.0	0.03235824385649921	0.02290935910071872	0.2001509666442871
93.0	0.0321309084997944	0.022716740128149265	0.1988501399755478
93.0	0.03191189926561453	0.022526310155717676	0.19754630327224731
93.0	0.03169732905796839	0.022341545018873126	0.19622528553009033
93.0	0.031486941814113996	0.022164092262916896	0.19489198923110962
93.0	0.03127824012918288	0.021992757318831734	0.19352826476097107
93.0	0.031070778879281773	0.021822403959536153	0.19213761389255524
93.0	0.03087172461203835	0.021653442943773873	0.19070328772068024
93.0	0.03067599475595047	0.0214871763411522	0.18925221264362335
93.0	0.030491963463564694	0.021331895539245083	0.18780705332756042
93.0	0.030316172339132502	0.021185982596872075	0.18639294803142548
93.0	0.03015269092930082	0.02105004458829091	0.18502260744571686
93.0	0.030000445311672612	0.020924502322049246	0.18370585143566132
93.0	0.02985490197783296	0.020802733120988032	0.18244652450084686
93.0	0.029713740129154845	0.02068506364633174	0.1812380999326706
93.0	0.029575616235364782	0.02056596900590866	0.17985758185386658
93.0	0.029442163626490842	0.020452506492923433	0.17848852276802063
93.0	0.029317921029803896	0.020341794393628782	0.1771382987499237
94.0	0.029211245365053543	0.02024189507877732	0.1758294403553009
94.0	0.02912616720894477	0.02015623040726855	0.17451828718185425
94.0	0.029056099570575717	0.02008565544367078	0.17321515083312988
94.0	0.029006475410590614	0.020034705861689123	0.17199036478996277
94.0	0.028974613411726465	0.02000091565945663	0.17096243798732758
94.0	0.028956439386164035	0.019986770143611634	0.1699949949979782
94.0	0.028964811081850332	0.020000698848830652	0.16908583045005798
94.0	0.02900369598613468	0.020049732667471537	0.1682378351688385
94.0	0.02908255586171393	0.020140327499297422	0.16747792065143585
94.0	0.029204801564483105	0.020271288333735482	0.1668049395084381
94.0	0.029364609722053875	0.020438870574226796	0.1661907434463501
94.0	0.029558898428789164	0.020640799016265397	0.16558930277824402
94.0	0.029787811908935743	0.020877230069834284	0.16497568786144257
94.0	0.030050973369062407	0.021149557827778574	0.16428810358047485
94.0	0.03034071154776326	0.02145198962290316	0.16349369287490845
94.0	0.03065869480983909	0.02178954059310472	0.1626468300819397
94.0	0.03100421039531134	0.02216375597274185	0.16180983185768127
94.0	0.0313824137423596	0.022576664232924454	0.1610487401485443
94.0	0.03179747383166726	0.023030089131914722	0.16040559113025665
94.0	0.032252965069436396	0.023523331579697812	0.159870907664299
94.0	0.03274957764248875	0.02405777902969519	0.15943174064159393
94.0	0.03328848796871961	0.024631920086455587	0.15906690061092377
94.0	0.03386074509563917	0.025245643671926256	0.15873391926288605
94.0	0.034470453378924015	0.025898396661075143	0.15842169523239136
94.0	0.03511017018009389	0.026586876581306707	0.15811891853809357
93.0	0.03577615095190065	0.02730606978634553	0.15778227150440216
93.0	0.03646433409484163	0.028056126570763083	0.15740080177783966
93.0	0.03717616930385807	0.02883725046437623	0.15699930489063263
93.0	0.03791673501259109	0.029654614831017334	0.15659256279468536
93.0	0.038688246267270826	0.030509222037573825	0.1561668962240219
93.0	0.03949379573401624	0.03140453123924219	0.155742809176445
93.0	0.040339804087638605	0.03234110385446089	0.15548573434352875
93.0	0.04122173229411362	0.03331246885016515	0.1552617996931076
93.0	0.04213934409675594	0.03432272447147499	0.15511460602283478
93.0	0.04309111240238137	0.035368010158770245	0.15497146546840668
93.0	0.044070998465537116	0.03644565014245945	0.15492254495620728
93.0	0.045075185376237295	0.037553347676045776	0.15485616028308868
93.0	0.04610022494408018	0.038685437357870424	0.1547297239303589
93.0	0.047142930619631464	0.0398413003797718	0.15453949570655823
93.0	0.048209563009007854	0.04102516815621412	0.15433582663536072
93.0	0.04930494476579326	0.042241162421633595	0.1541946530342102
93.0	0.05042732614042819	0.043481347285166214	0.1541115790605545
93.0	0.05156960853607854	0.0447476065983	0.15410099923610687
93.0	0.05273156734444683	0.046029617626264105	0.1541597694158554
93.0	0.05390192130980286	0.04732263656114975	0.15425656735897064
93.0	0.05506748854040166	0.04861487670185914	0.15436075627803802
93.0	0.0562292728077078	0.04990563913645862	0.15451955795288086
93.0	0.05738890694136554	0.05119468037187429	0.15474548935890198
93.0	0.05855691300984828	0.05248958131634695	0.15509337186813354
93.0	0.05973461540854933	0.05379129960529732	0.155533567070961
93.0	0.06091450307991996	0.05509717064257689	0.15603168308734894
93.0	0.06209402239064726	0.056399450275279706	0.15647058188915253
93.0	0.06327055124749972	0.05770290505141494	0.1568337380886078
93.0	0.06385951844523664	0.058351228175050916	0.15698949992656708
93.0	0.06444030493643166	0.05899350698397935	0.1571456342935562
93.0	0.06501904379730127	0.05963190488839262	0.15731315314769745
93.0	0.06559575631423657	0.06026998053736538	0.1574970930814743
93.0	0.06617172942723262	0.0609028401015487	0.15770846605300903
93.0	0.06674749388698817	0.06153553852196327	0.1579383760690689
93.0	0.06732085342479618	0.06216471783159739	0.158183291554451
93.0	0.06789169464884781	0.0627875390917893	0.15844346582889557
93.0	0.06845969846728965	0.06340890896123486	0.15870386362075806
93.0	0.06902543690574295	0.06402716531340236	0.15896748006343842
93.0	0.06958673942157627	0.0646416236049704	0.1592336744070053
93.0	0.06986863376059378	0.06494671223730158	0.15935276448726654
93.0	0.07014818902428495	0.06525097584019608	0.15945754945278168
93.0	0.07042199457752064	0.06555079597868795	0.15954110026359558
93.0	0.07069827050581781	0.06585210437230361	0.15961703658103943
93.0	0.07097485700975635	0.0661526422739801	0.15967899560928345
93.0	0.07124806960372915	0.0664532217638316	0.15972848236560822
93.0	0.07152107688012478	0.06674833018583277	0.15975835919380188
93.0	0.0717919910427835	0.06704333856975381	0.15977725386619568
93.0	0.07206048954942203	0.0673386404635191	0.15977579355239868
93.0	0.07232766160325022	0.06763139501092622	0.15976199507713318
93.0	0.07259341243676017	0.06792179815943918	0.15973341464996338
93.0	0.07272526812143956	0.0680654722911282	0.15971042215824127
93.0	0.0728573205266874	0.06821017748984796	0.15968307852745056
93.0	0.07298776394687818	0.06835335192333537	0.1596488654613495
93.0	0.07311890291627804	0.06849624619064779	0.15961195528507233
93.0	0.07324946148120634	0.06863865237514351	0.1595754623413086
93.0	0.07337765481756085	0.06878055671291546	0.15953588485717773
93.0	0.07350799207099434	0.06892141624253036	0.15949857234954834
93.0	0.07363575912767435	0.06906207798012397	0.159460186958313
93.0	0.07376419405173917	0.06920135994099845	0.15942154824733734
93.0	0.07389161906092163	0.06934208075175904	0.1593848317861557
93.0	0.07402098169885321	0.06948063244594826	0.15935084223747253
93.0	0.07408609979684175	0.06955076835937975	0.159333735704422
93.0	0.07414964164336453	0.06961984945358216	0.15931738913059235
93.0	0.07421362361719769	0.06968882854655475	0.15930363535881042
93.0	0.07427834379885395	0.0697578016571072	0.15929025411605835
93.0	0.07434211785573228	0.0698255639825971	0.15927621722221375
93.0	0.0744054015778137	0.06989330137984821	0.15926463901996613
93.0	0.07446889872704618	0.06996039969190056	0.1592530608177185
93.0	0.07453137987351698	0.0700266841572354	0.15924152731895447
93.0	0.07459365516955746	0.07009331384226855	0.15922988951206207
93.0	0.07465555065330011	0.07015981117831888	0.15921692550182343
93.0	0.0747167410786941	0.07022663711412126	0.15920285880565643
93.0	0.07474744574210501	0.07025994840692865	0.15919624269008636
93.0	0.07477802810642258	0.07029259305502586	0.15918943285942078
93.0	0.07480743716677922	0.07032515523903787	0.1591809242963791
93.0	0.07483682735785635	0.07035767698030536	0.15917417407035828
93.0	0.0748663377265104	0.07038901369693934	0.1591668725013733
93.0	0.074895245916919	0.07042139236785959	0.15915942192077637
93.0	0.07492456467062351	0.0704540285510439	0.15915192663669586
93.0	0.07495380253716966	0.07048669485430081	0.15914440155029297
93.0	0.07498349875187314	0.07051790977900982	0.15913459658622742
93.0	0.07501188459170607	0.07054922166899386	0.1591281294822693
93.0	0.07504085981534987	0.07058114466654382	0.1591206043958664
93.0	0.07505506809953633	0.07059611232150198	0.15911734104156494
93.0	0.07506950858527103	0.07061168337564513	0.1591130942106247
93.0	0.07508386571456449	0.07062722114133635	0.15911003947257996
93.0	0.07509804099585425	0.07064208558743547	0.15910714864730835
93.0	0.07511260813976703	0.07065812995110062	0.15910470485687256
93.0	0.07512703984957145	0.07067375816525469	0.15910208225250244
93.0	0.07514058775969791	0.07068962172903748	0.1590985804796219
93.0	0.07515474314506052	0.07070507131534058	0.15909479558467865
93.0	0.07516849578071065	0.07072025874167959	0.15909121930599213
93.0	0.07518237160668352	0.07073544171468661	0.1590876579284668
93.0	0.07519599206731861	0.0707502516680352	0.15908503532409668
93.0	0.07520481486897128	0.07076036917417994	0.15908312797546387
93.0	0.07521366517841614	0.0707698175904964	0.15908057987689972
93.0	0.07522271384116411	0.07077958586877922	0.1590781807899475
93.0	0.07523158637385928	0.07078980026927857	0.1590755432844162
93.0	0.07524077438166353	0.0707992310176717	0.15907321870326996
93.0	0.07524986046030627	0.07080895572998112	0.15907105803489685
93.0	0.07525850963900839	0.07081867727352285	0.1590689867734909
93.0	0.07526708555717855	0.07082839844145758	0.15906663239002228
93.0	0.07527568061749852	0.07083797443200307	0.15906448662281036
93.0	0.07528413691524827	0.07084729088673183	0.15906253457069397
93.0	0.07529271248683407	0.07085587890421854	0.1590598225593567
93.0	0.0753012115429158	0.07086486750227716	0.15905769169330597
93.0	0.07530945468592122	0.07087416274139852	0.15905505418777466
93.0	0.07531776621612785	0.07088339335057128	0.15905308723449707
93.0	0.0753262482994979	0.07089246456284913	0.159050852060318
93.0	0.07533460973502494	0.07090164028443255	0.15904828906059265
93.0	0.07534325637361237	0.0709110646631928	0.15904644131660461
93.0	0.07535142182384266	0.07092018522059874	0.15904437005519867
93.0	0.07535975874951976	0.07092938812606432	0.1590425670146942
93.0	0.07536819077144127	0.07093854509801513	0.15904095768928528
93.0	0.07537666714995878	0.07094780183943346	0.1590392142534256
93.0	0.07538496676448167	0.07095752552333069	0.15903708338737488
93.0	0.07539376335187915	0.07096730026698209	0.1590348333120346
93.0	0.07540196524449871	0.07097659294036408	0.15903271734714508
93.0	0.07541033089003352	0.07098614481618883	0.15903043746948242
93.0	0.0754187889693244	0.07099490730761066	0.1590288281440735
93.0	0.07542740280575394	0.07100438246905981	0.15902681648731232
93.0	0.07543565087691932	0.07101408012502697	0.15902504324913025
93.0	0.07544371330555177	0.0710228736173698	0.15902315080165863
93.0	0.07545217127931804	0.07103146581137465	0.15902140736579895
93.0	0.07546028848686909	0.0710405323387939	0.15901923179626465
93.0	0.07546865412838037	0.0710496869709405	0.15901651978492737
93.0	0.07547689523661759	0.0710589078925204	0.15901486575603485
93.0	0.07548491716588311	0.07106742336133948	0.15901334583759308
93.0	0.07549338935014778	0.0710765207813186	0.15901117026805878
93.0	0.07550176260594028	0.07108606682303	0.15900979936122894
93.0	0.07551009769693011	0.07109501679656016	0.1590076982975006
93.0	0.07551833101675302	0.07110389084874708	0.15900534391403198
93.0	0.07552654681294019	0.07111229036746655	0.15900403261184692
93.0	0.07553422101526112	0.07112133742173163	0.15900281071662903
93.0	0.07554251838990907	0.07113019567332451	0.15900066494941711
93.0	0.07555096903272795	0.07113918744484081	0.1589987874031067
93.0	0.07555938914568468	0.07114818249520394	0.15899762511253357
93.0	0.07556745928516098	0.07115684523813114	0.15899579226970673
93.0	0.07557547772295971	0.07116591751631222	0.1589938998222351
93.0	0.0755835562390313	0.07117471719806143	0.1589917093515396
93.0	0.07559128798250983	0.07118307441707679	0.15898987650871277
93.0	0.07559974356996102	0.07119241839608036	0.1589885801076889
93.0	0.07560768459330638	0.07120086786558226	0.15898679196834564
93.0	0.07561591643294138	0.07120974470610461	0.15898524224758148
93.0	0.07562410934243685	0.07121784730309993	0.15898385643959045
93.0	0.07563236340520976	0.07122643015106808	0.1589827835559845
93.0	0.07564025748422516	0.07123489588108066	0.15898099541664124
93.0	0.07564812198332148	0.07124285009032198	0.15897947549819946
93.0	0.07565614064730053	0.07125126725626145	0.15897808969020844
93.0	0.07566397682223569	0.07125951796027653	0.15897691249847412
93.0	0.07567195142533197	0.0712678003059158	0.15897633135318756
93.0	0.07567991090281678	0.07127663260019958	0.1589757651090622
93.0	0.07568805816215668	0.07128499067168709	0.15897485613822937
93.0	0.07569645577563172	0.07129387680494109	0.15897366404533386
93.0	0.07570439778394723	0.07130273953590165	0.15897251665592194
93.0	0.07571209444637478	0.07131144425824698	0.15897145867347717
93.0	0.07571990492560003	0.07132022913577418	0.15897049009799957
93.0	0.07572774912072917	0.0713288328905336	0.15897057950496674
93.0	0.07573584799725404	0.07133775522193798	0.15897013247013092
93.0	0.07574324233505729	0.07134601594677177	0.15896935760974884
93.0	0.07575150477837267	0.0713542602579851	0.15896905958652496
93.0	0.07575957424430715	0.07136223976615101	0.15896821022033691
93.0	0.0757671036368404	0.07137064360839256	0.15896695852279663
93.0	0.07577516652703564	0.07137904450726983	0.15896600484848022
93.0	0.07578296273282863	0.07138742823572632	0.15896549820899963
93.0	0.07579093590216629	0.07139621088475895	0.15896418690681458
93.0	0.07579872821513346	0.0714044878193564	0.15896347165107727
93.0	0.0758063663173591	0.0714130903790087	0.1589624434709549
93.0	0.07581387634387561	0.07142086331802328	0.15896043181419373
93.0	0.07582115974126881	0.07142915105070881	0.15895889699459076
93.0	0.0758290893401515	0.071437789135653	0.15895725786685944
93.0	0.07583661127297135	0.07144619587866834	0.15895536541938782
93.0	0.07584414769261971	0.07145391979760479	0.15895308554172516
93.0	0.07585172830191363	0.0714621590287435	0.158950537443161
93.0	0.07585877003685587	0.07146998385005536	0.15894757211208344
93.0	0.07586581189528306	0.07147762009880737	0.1589445322751999
93.0	0.07587366895571793	0.07148621038229426	0.15894241631031036
93.0	0.07588090348641742	0.07149424845170568	0.1589401364326477
93.0	0.07588818098801238	0.07150301569695454	0.15893740952014923
93.0	0.07589565127500718	0.0715113281604527	0.15893526375293732
93.0	0.07590269787590428	0.07151922701413178	0.15893247723579407
93.0	0.07591013230328082	0.07152721692099819	0.15892952680587769
93.0	0.07591717991745156	0.07153566745548177	0.15892724692821503
93.0	0.07592480289286972	0.07154381757767408	0.15892457962036133
93.0	0.07593210655257042	0.0715517325818888	0.15892228484153748
93.0	0.07593954169151998	0.07156011829893252	0.15891937911510468
93.0	0.07594682172884872	0.07156811217236575	0.15891601145267487
93.0	0.07595462321435387	0.07157638524714237	0.1589139997959137
93.0	0.07596132827119177	0.07158443974440902	0.15891064703464508
93.0	0.0759686873480671	0.07159293265797484	0.1589074283838272
93.0	0.07597561768080732	0.07160138545222705	0.1589048206806183
93.0	0.0759827553785543	0.07160900041273306	0.15890257060527802
93.0	0.07598999091244016	0.07161710425075046	0.15890073776245117
93.0	0.07599739666762922	0.07162497876923342	0.15889783203601837
93.0	0.07600494195018728	0.07163335852003706	0.1588955521583557
93.0	0.07601214001696185	0.0716416366933845	0.1588936746120453
93.0	0.07602004710001102	0.07164963252329726	0.15889126062393188
93.0	0.07602734673388926	0.07165781954978283	0.1588882952928543
93.0	0.0760345274441531	0.07166567634658753	0.158885657787323
93.0	0.0760418218649809	0.07167415181546193	0.15888242423534393
93.0	0.07604938230417349	0.07168247113537138	0.15887968242168427
93.0	0.07605687320941848	0.0716907397939388	0.15887627005577087
93.0	0.07606447040362646	0.07169844515900028	0.15887364745140076
93.0	0.07607172583411577	0.07170624117626415	0.15887121856212616
93.0	0.07607888460813463	0.07171401733319373	0.15886832773685455
93.0	0.07608629897129036	0.0717225258373138	0.15886448323726654
93.0	0.07609374572585019	0.07173042365229189	0.1588609367609024
93.0	0.0761015149320865	0.07173856658891072	0.15885868668556213
93.0	0.07610891881684197	0.07174641309209911	0.15885505080223083
93.0	0.07611596725362785	0.071754414589236	0.15885181725025177
93.0	0.0761227432052022	0.0717629152092754	0.1588483452796936
93.0	0.07612995119346488	0.07177108406596225	0.15884506702423096
93.0	0.07613736747982583	0.07177901536954434	0.15884186327457428
93.0	0.07614482660821624	0.07178723479868922	0.15883927047252655
93.0	0.07615160722149598	0.07179511312767693	0.1588355451822281
